500 355 31943
19135 40726
-66726 -27298
-56319 79459
33519 3028
-75188 64511
-65924 -16311
-70718 52653
74131 -74540
61555 -83759
56786 -98400
-3556 10503
-49814 86846
94840 26578
-40963 -45164
-62192 89579
-77504 -88446
-68620 32270
-49898 -68725
50771 46191
-50474 -80567
92110 86510
-98305 -45894
17460 42388
-15393 21362
82324 -11793
71333 1902
-56531 70873
-44219 -36944
-85940 26819
58082 -49396
-2779 30953
63134 -87805
56773 31253
-11391 -84407
89995 -48851
27039 61412
-42635 16509
31308 -50692
8241 80066
-83244 30946
-73832 26742
-86005 -62735
-23306 44711
96390 -64132
63350 21930
52080 21077
-53646 16214
-95657 -13708
-11195 -29703
65565 7684
5706 21653
54165 39901
35627 76307
-70581 -87938
-47086 88799
-25705 -36467
-76396 -74949
5792 -53640
-80032 -74116
27624 2107
52873 58920
-53696 -71601
4362 -30824
-36119 -71637
52973 39203
87586 29870
38296 92684
18753 99471
-44151 45742
18574 6910
-68572 46397
-10930 33041
-988 -72485
-10002 -76286
82976 -31506
36176 59598
-90924 -74681
-9359 27295
48255 -81225
-18693 -85323
71110 61033
50346 -40729
-49988 48803
-62630 51017
77421 40317
4803 -20230
-76103 44425
-88541 28587
-88159 -26233
70235 -22468
-7167 -14708
78903 93787
76116 -12356
-85120 86034
84723 71733
-67428 17025
-12147 1513
37202 -35434
64243 11373
-24921 -95981
-48548 -16323
80442 -20656
-13024 -96726
48552 -56545
-80535 43344
8184 78347
-77175 -82228
-66342 14257
1693 9119
2944 -29896
55650 83989
19508 51711
-61164 41808
48022 90777
-6364 90869
45659 -59003
-39433 -17397
-61033 24902
65954 -58100
-79590 74867
20861 -23200
16791 97690
-23146 75178
49848 -84964
862 29890
-48060 23499
-56537 -40226
-25651 -26105
92902 10090
-78853 -89217
1605 17024
39228 755
-5197 -79964
-67814 -31289
14166 -13652
89001 -11962
-5820 41159
-3651 -35928
73732 -43144
11356 34157
51735 9941
11844 88608
15530 -22234
36705 32698
28435 -34499
-35884 786
4680 74997
-33788 43101
27280 -32345
-3511 -92739
-44130 92136
-53447 37607
-74990 56549
7840 77929
-30934 -97583
98728 80716
-42562 -45804
31798 -77034
-72980 -30596
64125 -84908
-81336 -61039
-7815 68753
-57839 -83709
-12760 96520
-96058 83760
-94780 74315
-27532 -30149
14401 80709
6660 2824
-27584 -74078
-83391 73984
-26751 64908
53788 -18732
-87468 15077
18693 48853
17886 -49605
45467 -80039
-97139 53191
29876 11050
-27429 13501
73440 68346
87090 66629
-95939 44391
-45262 -39975
-27259 84287
-5860 -93
45066 74798
-96964 -51835
-88095 5620
-90110 -20923
80591 -98802
-56828 53664
40644 -52624
26221 56367
-22071 61302
-89081 65074
88997 19659
-46156 48810
-95947 88011
-45868 2438
30689 -17498
62803 -26522
-47388 68015
-94836 -86907
-72597 -21887
-79408 10539
17677 84187
51683 90878
16220 -50352
-75086 25001
93441 -81157
72576 37467
2949 -99927
28247 -30597
82912 -84958
-28207 75425
86661 -3525
96133 84478
-70119 -63019
-51319 -38583
-20626 -71951
32824 76329
-31326 40224
16205 75193
-60602 -28218
-24278 86787
66317 91657
66126 -40083
-75036 41493
-68269 -86212
-28364 15585
7352 -1636
73412 -51079
15425 46780
-98858 -73021
23064 -46352
-76013 -18241
-59843 37468
95791 -37103
-91049 57092
-17315 19173
-91067 666
-86490 -67410
-87824 -60465
67635 19590
-15721 58162
65176 -71320
81268 64659
-17432 -62863
-90198 -44021
48074 73741
37038 14855
61416 86702
-51173 -95138
-91864 -29247
-28649 61475
23952 -1199
46008 -23852
21831 82890
61116 -99753
9247 -12160
58766 -40907
24956 -76447
-99551 -78300
-87849 -81883
89187 -93107
78677 -59564
-55994 18482
68380 -81347
88822 61474
14998 -81675
-53239 -72567
-56613 -56449
-56704 90073
-13877 59869
-41810 -11482
72458 -18432
-36128 59076
34183 -75318
66088 -59968
56152 49574
-13467 43544
67644 -81884
-27460 -71243
-91482 -30156
-62788 81732
-20154 -41303
-64515 -89917
-22792 70640
94973 -81368
9474 -29713
47775 50134
52820 21255
65084 -96486
42145 -41347
41106 -30724
71084 87382
61142 65457
-31693 94471
73219 -58246
49918 -97867
8523 94606
-56383 -8207
23076 96176
64980 44486
-39278 3566
44694 30840
-88806 -74104
-74755 -84465
-44185 74105
-88603 88408
30166 22288
37455 32634
-7290 29206
34350 80969
28662 -25050
-90112 99729
-94679 65858
-59967 6970
-58675 -35929
-63420 48438
-98160 -70259
85281 -98514
74622 -60629
17703 19193
-58670 45057
-9301 -61954
-97296 55847
97442 19001
93365 -88003
69780 -62514
11964 -12859
77352 74655
-77476 25265
54946 81266
-86321 -61916
73596 3370
-8451 -91917
46173 -91453
89972 77327
1173 -87961
31944 -18360
-22649 44165
-55618 -37712
48933 61515
-6919 40921
-3141 46677
81566 -50902
49200 -77575
-77340 -91446
-42176 -55912
664 53503
87913 65426
99988 -38009
56904 31668
-66416 38332
99296 -93001
87521 -3064
-68172 -48695
-55185 64716
65434 24236
89873 -75323
-78671 58259
67935 57288
-35105 80990
-5136 73385
1475 78726
-21291 84916
9183 -61984
-78359 98472
87773 -36827
-37165 -55727
96185 57072
10376 -36664
-74297 -96272
-37687 -49607
-54609 -11501
29297 -64893
21457 -65753
-26061 1747
-51081 -55417
13260 -69701
-50444 93069
-34656 -70330
6090 -32035
46067 96528
41790 -19749
-91500 51014
83320 -42357
11845 73646
84942 55330
-44875 68447
-86148 58331
-67675 67538
47512 43097
19995 3731
-27629 -18928
-21730 45203
-94271 40853
40048 -22377
-90053 43027
22324 -65624
71435 -59181
92995 75826
-7231 -30747
27618 27504
-33219 44764
60729 29126
23684 -41746
-2895 -16511
20844 -34106
-33058 55946
5394 38545
88067 -23552
32454 97304
-9563 22183
10482 48164
58712 -6986
17663 -51057
37280 91453
51446 -61364
-78784 74212
46699 -13019
-3180 -87200
59926 93104
-36521 13932
-90626 2382
-35266 65593
63881 -36888
70309 12217
14461 -98551
71413 32999
-19900 -47099
-59427 -80639
-78663 4938
-48689 -23796
-56065 45157
26923 -8317
-94083 -414
-42305 11816
65537 -90284
61644 81587
83158 -56545
30866 -91652
-30873 806
-97567 62714
19331 -45546
-43399 -52734
-40471 -29924
-85249 27314
27271 -18764
-24302 20224
-89295 81897
-21877 28108
-17554 -33115
10406 -76045
68201 -65751
55115 -41594
99377 70737
-97552 42340
34856 -18536
-75078 87452
-40835 -69929
5825 -42187
-62027 81699
1712 -72327
-65704 -13593
-53483 -83591
-84126 46605
74639 80573
35954 -53320
-24766 -26973
-497 12453
-33420 25980
-59790 -68377
-46819 -10243
90925 8817
-87084 19348
84499 -31019
19211 29016
-48856 -54632
-79186 74497
4616 -20521
17275 -79627
-96304 26192
43113 -26511
71814 -44769
-68663 56131
27074 -70621
-63942 86142
73873 -10182
-89785 -78582
30085 43701
17389 -43333
636 35841
66081 73659
-85707 38108
-74154 -98505
-16500 -66918
-76125 -58890
