100 49 18
4 3
-8 5
5 2
7 10
7 -7
-4 9
-10 2
9 -3
-4 -1
-6 -5
5 -8
0 -10
-6 -4
7 1
3 2
7 0
-7 9
3 -9
6 9
4 7
-4 3
-3 6
4 8
-7 1
-5 7
4 7
-7 9
5 0
7 2
-4 -6
-3 -10
5 1
2 -8
9 10
8 2
1 -3
5 -2
6 8
2 -7
8 -7
-2 3
-8 1
6 -5
-1 -8
4 -1
1 4
4 5
2 -7
-1 2
-2 0
-2 3
9 -7
6 -9
0 5
6 9
-3 6
5 9
1 1
6 -6
-6 -8
-8 -6
9 3
1 0
-4 0
10 -6
-9 8
-9 -8
2 6
-3 6
-2 0
-10 6
-10 -1
-9 0
-5 7
-8 -6
4 0
9 -3
8 -3
7 1
5 -9
-4 10
8 7
-5 -2
-5 1
0 -6
-9 8
9 8
-4 -3
-7 -9
2 7
6 -3
6 10
4 5
-4 2
7 -2
10 9
7 -5
10 5
3 9
7 5
