1000 719 11209
-6356 80881
-85977 73152
12207 -7649
-90672 55699
51600 -67743
3431 16286
-25922 88449
68660 -98356
-51270 -59768
92995 -43408
99255 24635
10103 75078
74151 27486
-48307 -27260
-46513 -88130
70252 3529
-32908 1715
28628 66187
56319 -5662
-30441 94749
-78607 66946
53948 2791
-6440 3250
12649 66802
90818 -5378
7203 10081
76551 -83867
92723 21136
-81963 57441
-32418 32289
39736 2611
-92949 59250
-5905 88097
57549 -12973
-92767 75308
-64185 79770
25914 84135
64064 66036
89763 -15394
-14026 44415
-75360 10575
78566 -11001
41075 82380
35004 14470
-45854 54401
65242 -61286
-77171 13452
-90775 -49180
-19138 -67730
-3145 8530
-18715 6677
95714 20670
340 36772
37964 -39128
31627 -96879
-12427 -44771
54990 24419
-41615 69235
88020 -24405
68173 99093
90935 35559
-33801 61650
95473 -65433
43673 7069
-5522 -22618
30324 -51507
95994 -72765
-36317 64383
-81378 34654
-47305 -2035
29691 -24755
-11390 20192
-83536 81356
17582 -31990
7771 64554
-64123 71716
-88287 -87374
93219 31244
-45509 68999
-68395 23300
-38609 75794
-54411 27955
-82415 46991
-4124 -11158
-25393 14242
-17310 -12645
-32949 7523
97187 -90394
-14707 -29030
-92458 14666
-27222 -95974
-74185 88566
34273 57055
97939 -30166
-88615 -36454
30222 49928
47744 3137
-88898 -98106
-43665 77921
-96949 -84031
95864 -61366
-65149 44163
-69641 28814
-84013 -63689
-61435 -89113
-90648 58527
-56761 -88956
-53448 -39004
-33557 44370
22858 7437
55451 7988
62991 -11012
97956 -92139
-2722 61732
-73358 24658
43081 -92787
-2567 -1164
15740 41578
-58299 9377
-65012 8734
-49806 84017
-47239 -32372
-15414 71530
21655 -36523
55412 94074
-90555 -45854
84047 93787
18417 -57976
-10520 8793
37631 11649
71411 -60063
-75392 -2922
94802 -47257
29621 44750
48181 -82931
-48242 -43225
15969 -9374
-67005 -44205
2071 56575
-58770 -82706
91805 -69012
-46958 52505
24734 -37852
-44714 88771
65212 -8196
9207 -69157
62138 -70361
-11361 78996
-94296 -16979
-91009 -69402
25869 -79105
47000 77995
-84396 55357
-12987 -56188
44260 66291
-16848 24330
-83893 -52555
-24113 -4130
87568 69059
50656 -45022
55048 94729
-56838 -61844
-11930 -58035
-62952 -25958
-4335 -91811
66293 -80737
-42258 8590
14802 -32915
90139 -66408
97559 -17967
23240 1759
-11429 -74373
-24407 37848
72612 40208
643 25793
87397 -86308
38840 -28703
-24048 85690
71980 97724
-32371 97521
60022 -67997
-56764 -21058
-96154 -11319
-6140 -70902
26984 -30667
21173 -68398
24346 -26860
-62740 56171
-8600 57084
65310 -6281
69633 45247
50878 90231
-32306 39921
88772 62996
-39455 -19654
82798 -96742
60865 85226
-54145 27610
-95366 36348
-7440 -9836
26556 -62181
4139 56069
-15341 -31507
35473 -80853
-49171 97213
95038 27892
-9538 27728
-39556 -3615
-41350 22082
12539 32198
-96126 -87197
-61988 17625
-54873 4296
70010 -88589
-79913 -12141
-66704 87907
59897 33150
74697 -68250
-83856 35127
-15119 -47691
98882 -66530
1364 -80493
-87992 81547
60162 80244
-71272 -19998
-92011 3132
84892 -18173
15887 -91760
-95734 -58107
-22488 25300
4704 -75510
-38785 41577
57831 2606
-30115 36872
-26047 2435
-49239 -6138
77231 93726
57974 96527
75625 -84783
-45854 -58826
72161 24632
-70847 -29917
-35196 31131
19143 -98285
21003 -17785
21048 -79997
70052 -16475
-91409 63662
-11605 -73376
-6845 -60987
-91775 -70270
-92959 43527
19255 40606
-45379 -57806
-65069 -44773
-97876 -52442
76074 -98565
-43437 68364
-35077 35361
-99630 62384
-37440 -77875
72147 49671
7151 -45485
52542 -15522
-32448 64650
8197 -71268
68792 85597
63438 -86388
63958 63473
91273 43151
97810 93023
-35090 97136
17866 -75519
30900 -68833
-24513 -56930
-28341 68626
-81197 65036
51121 -54345
16489 39899
-5565 -60276
36514 -42177
-76203 17341
44163 -85065
-71629 -42048
12195 43277
50153 -22023
95523 61183
-92719 -89238
-40427 8984
28004 4402
-6791 66241
-15866 82528
-35943 24775
13760 -94576
-77155 71553
16064 28914
-15774 63101
-49652 -55546
57994 93452
-85279 -93879
-57461 68539
61550 -19181
-41520 63461
95489 -12525
-12414 22225
99983 -17326
78372 -61461
-62402 24765
-99316 -10948
31119 -25509
-76277 -62466
39094 -12511
73076 35008
44981 -71783
18010 84662
5364 -42603
75733 -31664
-34125 -93737
-75049 -56204
76131 82143
69139 -21259
91152 -45482
67892 -89771
40692 -59387
-20376 949
54346 -43131
9069 -9839
-91758 57796
45756 62362
-11594 -49519
38346 53168
-53087 -77727
55103 -87245
-42937 -79706
-57760 57904
-75362 60666
-81443 -57370
-41811 -72816
86667 -4036
-89378 -14267
84112 14910
-11603 65192
45004 77856
-15371 65940
-68593 40986
96914 46566
-18737 -3739
-88287 -85697
71009 -69547
-34522 -69171
19162 -59584
-62980 -90309
-10770 -18815
44363 77573
74114 97310
-86027 59230
-40288 -67054
96323 -14867
-20147 22501
4245 -30507
-47534 22125
-18591 -57062
-72238 -4474
19036 -79345
64553 -63332
41243 -44490
23539 -7743
-81933 -21187
-87639 -17749
-76283 -25569
69927 32578
-12875 8156
87827 32282
-81803 -14968
37762 45806
37998 -46920
-78020 47103
-61333 -1158
-84866 56181
86225 -44712
-53540 -70869
-88693 -95463
31110 30006
16242 27338
-62282 -17347
-62259 -95816
16868 -61387
-73163 -30197
39718 75271
-16732 22976
10714 89130
50357 3694
-60495 -25338
87510 71715
-9413 31469
44067 95348
37919 14959
-82712 -43368
54135 -88120
9479 77273
50782 21037
-10594 71309
-7349 -67242
98497 98367
-58505 -2866
-26089 69745
11572 71415
23446 82197
-49236 -47984
-57062 -59620
42043 52651
42802 -9439
-33171 -5687
-66943 -12354
41997 -13145
29899 -5100
-50544 20796
62120 79056
-87462 -61036
-98140 24384
76253 77543
57993 27983
31671 61928
87170 11191
63084 -83263
-86898 74228
-97649 -65008
89799 69444
-73357 -57507
-43596 46918
83802 -89968
5936 65246
79101 19135
65976 51401
-76090 -28547
35455 42716
24574 30922
37655 89835
-76558 -69235
-88931 41224
-17831 -69264
15460 11012
35765 78721
-22030 -29094
-95469 55408
76205 -60915
88079 89300
-13196 44035
81890 52787
9404 65522
34704 76774
-17358 -71066
-54947 -69928
-82122 50678
26635 85596
-16874 -55133
-64199 45925
5909 34210
-20442 82662
-83526 -93667
5697 90872
70551 2773
98619 28064
-50443 -85707
-6481 40643
78521 93394
-76179 81686
13343 25876
-49396 64706
14223 -11539
42650 -8792
-11697 -91117
33531 -51469
-59689 -50539
-25940 81444
36411 63845
66766 -4714
-68974 99813
40463 55150
-43097 -23984
54894 -28379
-17681 29520
72177 -46529
61819 89216
86975 -86594
29834 79026
32876 -71392
-39965 -94949
90010 57498
-59557 -97278
60795 3558
25501 59397
-40263 -65212
74146 -52968
28216 95883
87346 -35280
-5036 -35717
78785 95399
69064 -52020
13209 -6230
80786 73840
-49780 39607
23405 51646
97104 56236
25169 87561
-77499 -22317
47696 66075
93066 -25356
93840 74829
61846 77899
39792 42582
95174 50700
95567 47043
-89102 36172
53017 -7701
99349 -3134
-42129 -18960
-87999 32082
97786 -71498
32865 -74305
-78072 21542
56839 -16751
5263 82699
66566 58196
-56567 27840
-68925 -19447
-45347 -53850
21525 -81621
83851 -57470
-55523 68470
-69841 42177
63455 -11950
-36715 -25012
90554 48632
-46095 65903
-96058 -78534
-96056 -35249
-18367 14472
-72520 37122
-74526 -11550
76697 99594
22918 -28867
-53123 -91284
59624 -26952
10855 30830
9816 31983
-87646 -52914
48548 -2100
-80200 63051
-67693 -62042
-8191 -1450
-71750 -16085
52172 28306
-49471 40312
-93934 -84406
-51272 -23322
36193 82195
50928 -66090
-95220 -21904
43887 -93525
-29009 1554
-44955 -99507
-4836 -32928
68152 -59076
77561 -3120
-94503 97428
-64580 40203
76567 -90970
87638 -13422
59148 49162
-85267 4072
2354 -79586
99170 31289
87425 28543
-15715 -65362
88321 -12145
-13405 67465
67033 -6134
-12613 28483
85862 52869
67509 -1695
-87096 -87449
-88093 47488
-87 71960
98362 80580
66422 -56992
40604 -76865
-21021 -58606
56667 47392
-60148 -98354
93856 -84665
-52356 87198
47936 79857
66838 -66956
32884 -96960
-21278 -11116
-24930 -2826
-29367 67378
-72843 -70727
59475 32882
22240 -55141
28625 12449
88604 -5506
41155 33868
-62073 87808
-66984 89529
-55022 -86924
-1034 -2154
-20440 -56852
-17144 -19626
-5734 -44019
82573 95870
10479 -23809
-19751 -13321
65917 -45462
-9816 76012
-80897 22285
55619 -643
-92505 -16614
-44500 62206
61148 -2089
-20551 61490
54062 -80864
-18006 88374
-61645 -84316
-41773 95548
-71378 -51318
1188 59963
62447 73667
2903 27582
-86887 -23560
41245 -27191
23412 84478
44637 98757
7827 -44577
48210 14822
-84339 3423
-7482 56899
64276 56418
44596 -98593
-67852 60624
-28668 -34946
-90329 78641
5987 -65867
60401 -1390
91274 65604
85245 74630
-52340 1349
869 -22366
78291 -44632
66366 75727
54225 39715
-70538 -20179
-46323 -52205
69356 -92564
-6989 -51264
47085 33463
-48718 -13071
30686 48279
46106 67295
-41246 -24265
20802 -51210
-49967 -4038
25273 -54275
-65757 -59508
-12234 5251
5721 -5529
-6007 -54418
8546 -64978
47141 34638
22181 -657
92384 29071
-32800 -54213
-17270 -50740
-79952 64055
84764 80072
50220 46442
-82373 -3470
-57271 71804
-48458 -60208
-56493 93162
-82757 28782
70354 -52489
24208 48713
23687 9296
-93084 -15254
-70609 -87617
-84954 89082
31949 99070
-8909 9103
-13103 -73275
15418 11234
-73267 -58858
-13603 77899
32528 30573
17619 -90830
-90143 64454
7717 -91456
-95716 12744
56915 66833
-82847 45210
15124 -28080
-37631 31313
20248 48119
343 11636
-32648 -14891
-93015 10071
-68046 -84246
80980 80483
-53724 60085
-85128 63840
-8807 37951
70104 31770
-32851 40105
-7384 -20845
70160 43880
-41926 68568
-7643 -43581
80008 -60632
-99965 84483
-98210 37781
4499 -61300
43027 78396
-14749 -90582
98583 -49270
99105 54957
-1565 5435
-55233 -12800
-95790 -87685
34922 -64592
77137 -20431
-83980 -15484
-54053 -47908
49085 -7504
-22362 86112
-39985 -37589
12953 85582
-35997 32180
-68416 -77855
-75219 32598
-16973 -25101
-35698 -88549
-12111 -30971
-90967 -13243
-83565 -69340
70124 -31293
30277 68439
71376 -55045
54245 -69188
55193 -19262
-61750 3357
38623 99290
1470 -22836
10571 -20996
-43111 -74771
-47714 -12031
-83215 78742
58028 -80648
50036 -62370
46503 -77540
57374 -59150
-94672 72843
-51222 5628
74583 1056
-49922 87954
-33932 -49533
-47875 -53195
83056 64416
78138 -51621
-68260 90680
-77320 91925
-22860 -61639
69180 -55277
45190 79416
-46550 59557
-18003 11474
31604 -12105
-3446 60488
-11290 -16799
12872 63271
-52394 -92229
-48280 -61096
-39699 7190
-83046 -82280
14451 36374
60649 -52999
-27386 -27201
14896 21223
-98354 62917
54241 31765
-66391 79790
-46565 14142
-13205 -23302
48583 5234
75667 -41284
91634 -45284
2310 -38844
-58123 -56554
56638 76438
-53681 -93404
93620 52104
-36770 88547
-57616 15886
-18474 8880
66004 65273
-23902 -99709
17591 68101
-29843 6792
-58630 19347
-94701 3112
-18277 83949
-63979 64630
-56001 38039
-7679 31202
-41305 -50972
-8445 47950
-90617 71283
48904 -44333
97312 436
-28422 -67390
-20316 -23019
-45409 20733
40588 58614
-40955 -783
36049 79715
-50558 62392
63640 -34094
-47641 -37494
44707 23664
-4175 64069
-16620 21162
-82696 99341
50783 21117
-83998 -43947
66948 29017
-56440 57353
-14724 45188
67903 97522
-54833 -62650
33775 81657
54873 -58404
-59119 -999
32765 -79998
-84183 -86613
-14328 -28816
-39005 -62799
83063 26710
80974 52735
72861 -2252
22221 59907
-3092 21535
-35143 76750
47649 22852
1954 -9649
12097 78872
7066 42355
-72224 93154
-51701 -63648
-58416 24801
60281 99702
89817 -32456
-88045 -23569
-98136 96663
-78543 -62790
61342 -73148
41990 -83338
-62725 65050
-78594 29677
20176 12134
25589 -36852
-62323 73753
-29018 -28286
-99942 -99675
-49951 57696
-47326 84575
-23327 -20829
-66534 -64498
-12832 89119
34219 -40463
-61710 7134
85146 61954
-33131 -28581
-80265 -82969
-19547 90488
-53952 82117
-2246 -27285
-89056 91468
-59659 -72906
-79147 95753
-31053 -59776
87851 -97757
-62473 40206
-94649 56126
672 -75814
-36478 92333
13244 -64868
64192 -85544
38423 -64513
-74819 -66744
43444 82245
52022 -31287
71547 -90364
69189 -41340
-47430 -73779
-32814 -63132
-37777 -18
30159 37351
-18896 -16965
-52837 -69458
67151 -42474
57955 56426
-83058 -49604
30539 -53141
25665 -59487
23599 41734
58435 -87542
-26895 35460
16406 -93776
97135 -34146
-22480 -70256
-16629 -63173
30200 -88482
43642 -20109
-9484 -92003
30536 -75526
56593 23959
-12506 -69468
97195 -58250
27652 90840
-24652 -49019
61068 -44786
57964 -83435
4422 -25353
27247 95500
32949 -14785
-24606 -13251
-95468 32215
62048 6416
-6691 -84159
-14267 68942
-919 -5731
-16924 -78310
83264 14984
-16224 -26046
23072 -2388
-95058 -84955
66863 80595
3197 66562
51269 6991
-55898 1675
56000 85460
5485 -12959
-82862 -29179
69396 4816
1487 -37136
-28126 14973
63007 44629
-69626 -26163
28581 66772
-13512 37332
-84389 -49392
-83007 -21238
9743 88257
21600 22648
-67168 -81247
93691 -28718
79030 67452
-26435 19642
-35168 84954
-42078 97392
-90863 -60882
62731 -53630
-87226 52321
-50378 -44737
-23698 36860
-21664 -36651
-95843 93331
45342 -60988
-91316 -37088
47418 -84493
-7104 -96702
-26284 65891
-75772 -28289
-64565 -18918
19210 -66364
54111 78841
-87185 -31904
-84580 -14062
97006 6148
23579 -35161
-81147 29392
25856 -59230
65918 11245
33730 -66741
-70809 -32303
-33055 84119
-56018 -37727
-67908 -80921
-88724 -95736
-42924 93816
