1000 816 78272
-88075 79042
-53472 -77609
-58036 -36691
63176 -58141
11694 92342
-50870 -64734
90899 17316
43278 84785
85075 34994
5561 -42499
79298 -76809
65457 30005
-26579 1922
90063 98929
-44051 -89939
61290 -39362
46947 55427
3533 -34472
42370 -48017
-46592 91560
94751 14771
-89826 -49266
-70426 75464
-874 -73512
-84206 27270
-39125 -89005
48662 -57671
24010 -59100
91246 -69070
-84634 -47841
-61581 3079
256 -47757
75800 -76172
-78585 71666
-61692 -5970
-45206 -50381
-40692 28862
-93526 -53205
-81272 18176
-49415 73389
-1620 -90083
-45025 -87220
-2714 -38268
-17218 -15594
-75323 29915
-50952 22199
-81877 -76089
-73002 -1241
63848 71605
32488 -68933
75118 55116
85066 68187
-66364 -98119
2702 59190
39297 29797
15223 -10814
-39940 -85220
17702 61524
49086 10939
8678 -75715
19339 -41653
52793 72119
-10056 -76636
-310 -27100
72099 -90385
-17783 -72896
81059 -93641
-73100 -60161
52167 87161
-21899 -56494
42691 8253
-79010 96285
-33796 68600
-72586 65328
-68729 -279
-26416 -72592
-76873 62987
58923 52462
12840 -90815
27665 -88086
-15647 37273
2861 -43879
21040 43780
69819 16079
474 -94681
90717 82724
745 -98381
6039 -42021
-66840 37139
-40461 52589
87018 -99281
79579 -44902
-32006 -52904
-48829 54566
48184 -54353
69039 325
-8455 7856
98 -2392
-68438 -38540
-9194 -44214
15186 -83014
32940 40580
-7238 61781
-73698 34291
-48856 68206
14540 40193
90631 70543
51069 29020
-95746 66738
-50292 40073
-73609 -75423
88826 97999
-42468 55202
23931 -22471
-68589 -79605
-60872 85373
-46870 90211
-7311 63373
-9365 75174
-87699 -96935
-48542 10122
-23166 -11062
-12464 -24359
-40616 -80632
59992 -43878
5717 68576
78486 -33476
7822 -64667
-90099 33383
94731 -32254
43230 11827
99643 -95675
37874 -95240
-65606 -17255
84021 -34413
80973 -69149
-14787 13783
-54923 62666
46000 53142
-82175 85976
89234 -92562
51908 28102
53449 -21163
-47754 33644
23156 -1463
67092 18657
25651 -60763
-19546 -48362
-79360 -1786
-7259 96170
-85889 38149
-43682 -3968
-15085 40595
-11746 -78375
62922 32895
-8593 -58248
23510 82899
60701 45273
13207 -554
36037 -35964
27200 -75317
-45379 -2693
-9818 -46591
27620 -56988
26862 -54185
-95114 -57644
-21403 92660
-28266 -5983
-39429 36242
-64505 -67726
3516 -61113
18186 -12085
-59947 68470
-6665 60637
-87909 62806
-4094 38356
-87945 20960
70200 20878
95181 -20626
-58600 13972
53641 -25175
5244 -95546
12360 47097
-27487 -17981
-65366 29300
-92058 -11728
89504 -83586
-19409 -59136
-41746 -1583
-29578 45214
-40367 -74707
-20348 -459
8642 -1148
46149 -49821
44855 -77686
-65581 66309
-92640 75674
42998 46548
-25765 -13424
73054 53466
29172 10348
96829 57310
83303 42224
-86389 65992
-1534 6228
-17042 60789
-72183 -52537
-15346 -62651
20924 22088
-38970 -25087
62588 18975
-46033 10890
68458 -58461
17541 -64740
-71135 -52074
93269 23722
45213 -70586
-37286 6253
-28441 -6451
9755 -33213
-41776 -2286
-74429 25608
60220 -48700
4647 53753
-32461 -53310
-15837 -84597
-13741 -86106
-15222 88773
-45592 -13824
51904 -7045
-30152 30539
43927 -11123
-50506 11875
85383 -92514
83927 80691
55240 -4995
-26846 -82228
70265 -17011
-72362 33626
-83520 -74422
-31871 -14006
-94580 24811
68003 70153
-22020 -60008
86113 -82064
-94961 76886
-57076 43962
-93864 48776
-29328 31375
-35179 -54194
-21010 -10577
-82840 93852
-49022 -28118
-19059 75840
-34829 98989
28841 31434
35667 51469
-34594 25763
64074 6324
15147 -96974
40204 39459
-73802 49247
-82395 -88762
37849 -36848
-46152 -19700
-96683 -23417
21817 -59378
-92174 39435
53932 -38182
-12345 -73263
80998 -39652
-84540 -31680
88069 96521
-73762 46717
20018 -67646
-56423 -98056
-93639 68909
-56154 -78616
-97592 27497
-97845 61523
10838 25856
-40758 -28842
-25306 -17054
12773 -94032
4779 26355
-77001 38753
-68544 -72493
43032 50775
-72987 62850
-31670 -64307
-72387 49721
-17775 42268
-16544 -90736
-49935 29230
55053 -80609
36274 63103
77203 -44880
43157 14633
-88212 69000
81038 -31762
17463 93715
-5599 65660
-23177 53213
-44961 15456
90464 22456
-85572 -91788
-91353 61429
-17617 -121
-11555 75082
11242 -51794
41986 48376
89787 -8200
79582 66425
-30313 -77461
-73835 18539
47536 -55493
67619 22169
-51779 -72679
-56916 -75870
-19473 41943
-62588 -45450
84723 -32471
-37357 -14798
63813 -84046
6787 40083
-22385 -91261
-85256 -36384
67716 -31782
80668 -41453
33938 -2992
93625 -69722
-82762 59099
22947 -22107
63497 26420
55588 80606
-47658 -25449
-88618 27610
-16271 47962
97656 -87873
85493 5049
70022 79674
16795 -20495
45376 91170
87959 96807
32734 -12116
66758 51062
19714 -56624
-43435 53044
-78791 -94614
-99522 -7052
70904 25416
9159 -48263
66492 12355
-60462 82603
31486 75688
45068 6359
27532 78368
-31180 44669
-58581 54064
-52492 20267
75399 -1120
-33696 -4458
-83530 67666
80248 2663
-76905 23000
61097 93751
-39640 42145
31272 -15379
56945 82265
12556 -68029
-18276 -31360
66805 19366
89645 -38685
-39684 -55956
42126 -79319
55729 -3231
-58394 -4981
18059 -5600
68736 -42817
62852 54236
-35557 64356
93947 2596
77942 66871
-47493 42389
-75722 391
67782 -70607
-38807 -5613
-9162 4803
20692 6910
93784 42869
-12281 5348
-65470 -86501
79889 -44739
97727 -70349
71214 -62606
99538 -16544
98966 90699
4306 56856
40496 -99556
62052 57059
-59467 43641
-63231 -79993
57739 -16576
-50358 -95074
14666 44474
-72032 -11396
-3255 59456
39399 -15300
-74731 34050
46053 33195
-88986 61759
17365 -21847
-68386 65375
4149 83375
19566 -40868
-16749 10630
-26354 -31100
-94775 -60499
53820 91282
-71921 -4534
-35186 95318
-36649 -47672
78348 -59696
61557 37907
-91563 -34490
-49429 47678
71873 44010
95166 -45020
-94362 -89429
73104 73487
59026 29045
84108 -25387
37026 42905
70298 78517
-74457 -63553
47046 -27873
-14488 -93389
-69272 46155
-94910 91134
43364 -21814
-11711 -44853
-20824 22437
-66833 77094
-2492 -8929
68360 -94474
-66549 -12546
87936 35011
-43092 76933
18814 -82852
1545 -95238
31802 -23287
-37609 92963
-65059 7221
22373 86823
-79019 -31781
-64642 -99419
47840 71805
-67894 -30037
-38531 11638
-86176 51641
-54557 -2661
-82810 -96816
19779 -29348
54913 38967
70616 34791
-33919 -20266
-20590 12699
-25309 30857
-41240 94399
-620 -93760
80315 69170
-42659 98265
-50514 -58149
-53677 -73186
-38588 -93898
-29064 -49022
36018 53021
-62931 70393
32551 -46409
5158 58330
95498 46164
-65351 -334
55595 -44025
-85094 -20790
-77780 -24611
-81484 -18644
-67310 -20906
42423 47740
95133 16436
-90280 27226
-86874 -3469
-84622 48713
70944 -30742
-75103 -48520
-71513 -91357
-66975 29225
17413 26226
60438 -9354
58163 65315
23877 -21621
2974 -7088
90948 -26562
-22090 39657
75741 -87999
-51771 42167
-81555 -73417
-90103 -75884
-33672 -5353
-22643 56189
-7134 67557
-42617 45736
-38506 15529
97680 -72391
-79005 -7695
-45742 18910
91311 -67371
9643 -93782
70011 61612
50307 -75432
-79270 73760
-88927 -38146
24127 -90594
-37005 57325
-93474 35384
76056 96496
87909 40708
93817 77180
-28576 -74367
-9253 28688
-1120 49106
-37442 -48495
-11326 -60081
-46826 57044
8991 3985
61890 25777
-556 -49772
-56520 64913
-30509 -970
-2468 -58855
53388 -38895
91309 -92557
22688 46397
51085 -83564
-40627 -18134
14392 -71234
42875 27489
-92748 -71062
-89152 10998
61864 96407
-85602 27866
-75061 36580
-91765 -92531
66787 39616
63854 -45889
-22291 -54193
94475 87589
-73864 50528
-27572 -97226
-66675 -84135
56285 55761
75370 22646
9218 11165
29200 48211
-31009 -56309
34244 -52727
-39483 32180
-93616 -22478
37274 -18271
-41545 -94298
60419 -23523
80856 -93594
35204 -56486
17826 93722
-3442 -95309
-48884 37480
41252 84552
-72963 28791
61104 -41779
77666 11613
51721 31001
-54091 43078
63336 -78058
49142 -47397
41588 -2816
-89792 -18988
-96914 37316
-23755 22748
44399 24564
-32878 15245
-4021 -15823
-20669 80714
63970 -13617
-82829 -63656
-57517 84722
74222 -35251
20637 58638
9129 88504
65633 -39174
87350 43922
34736 33799
79620 -83432
-78791 -79249
39309 -50862
85925 -96835
-74968 -41846
-13123 6999
-73123 -78563
-80712 -75235
3910 68800
72335 2153
-59432 68391
-52324 16274
-59011 -32128
33812 -77112
20445 24187
-69946 49597
-82707 90354
73206 -60385
-73661 -98521
-38738 38640
3645 -73460
54039 4290
-54596 -90755
90384 26225
47587 33999
-6309 24490
-85806 -17765
8334 85025
-35086 -8772
-97671 -88292
-8054 -83865
-1984 63080
-13276 10920
15522 4913
62953 -91756
-4987 49299
-7814 73437
-34213 40158
39852 33079
66149 -11754
-21649 -63552
59933 -61162
53862 70150
85646 -80228
57906 44991
93370 -81226
-96521 32226
-76535 32372
49820 7737
-87404 33520
-26287 33254
33160 13011
42594 85706
6572 7211
-70912 8806
-11918 98830
-52978 1544
-27968 -28661
57101 82276
-29170 -94931
-82906 -73357
-74861 -79001
-40313 -69625
-38375 -35546
-31346 88229
-97258 -78724
76697 25068
-43246 -8560
42440 -61274
-46489 48103
-33371 30810
74202 -73783
-32016 65910
-23678 31090
-19371 85818
9087 -90548
9191 81567
-1577 -74312
68988 27650
85608 23699
13677 80171
91652 -43990
38830 -42528
59247 55691
72512 -41532
-98492 75080
71725 7466
-37759 73491
-73 -96901
-48646 43703
36277 -2181
-95689 3029
-93830 -75022
79444 48202
64738 55794
-27088 -61377
-58434 -42669
85649 83733
-6413 -71605
-7771 -63745
59748 -96731
71063 -79913
7644 73225
-58468 -75043
6175 99915
-12970 -72314
95895 -17898
-38491 -95677
-64589 95102
-61142 -54358
13154 19822
-77097 62111
-62921 46836
-49400 -6551
79370 16531
-33017 46656
5152 -4780
-610 25888
-99654 -33641
54044 5960
10935 -52361
-60446 6952
55448 -62289
-11779 3803
-58919 -7485
-98004 -68422
12292 -71797
79797 -97849
1459 33064
-14851 -27697
4084 -36503
64258 -89517
40720 13485
37702 43681
38151 -49271
-44638 24842
24879 -230
-58585 -63546
-44634 15835
-18967 67492
-55897 -15582
66806 -12176
-81039 65312
-43843 47748
-43381 10471
50412 -51026
71573 -50258
97840 32571
-51571 -21340
-94596 77032
21361 -12920
7931 62009
-11537 -63495
-4754 -26536
77399 -40772
-12919 -35225
57805 81083
26969 -21779
-89305 -81257
-27331 -51319
52761 -89855
-77619 -37542
-45704 -33736
91410 -43438
38527 40018
-39820 -47018
-36865 -27125
-39470 19413
61668 23867
99704 -2975
-32461 36385
-5528 -95326
35753 57303
45961 19291
-97278 -84679
33158 22350
-58547 -6197
7749 -4529
-56474 64688
-25258 -34769
-19585 -63377
-51184 -94396
-31311 37850
38157 -20749
-93472 -6474
46739 45977
-79428 28828
-12855 -35634
76657 97608
88334 43023
-36349 40546
-15542 -38733
-36968 74967
79669 -21054
76752 -72622
-35586 -77539
41243 -33613
23087 36134
78629 -97678
-42216 -63721
-75539 -94147
-65716 97750
-93937 -87207
-62877 51592
74267 26802
-83228 -80982
-4937 -84764
-38408 81713
-14053 -93649
-28629 -68360
-88887 -77463
27786 -86929
22010 85411
-63510 53835
94796 54557
-30208 -63974
90967 -28898
32011 -75204
30546 525
-13400 33520
-2305 -28618
159 -4054
6578 67450
-17293 -7460
62446 -25406
-99607 -86441
-22403 6857
53380 78756
-81821 20407
-3871 47090
50486 73195
60120 63625
37777 -9466
11560 -95901
-29277 33511
-18577 -3209
20935 85122
-77093 8068
-67352 31646
-39651 -74708
-31752 71107
-90590 -92937
91274 16403
-27344 32112
34292 -27974
-99378 -21626
-10826 -76748
81385 -67783
-75460 -64857
-58284 -59682
-30043 -96602
78682 -36567
-31972 -29247
17995 -86543
19929 -68419
13533 -54461
82533 -72823
23759 -83207
69920 -29362
37763 -37890
-87317 -10800
4380 28941
-45279 36894
-73569 715
-64545 15240
-45077 51087
-82383 46718
78733 52757
44530 58102
-90913 79450
-46501 32448
77834 69739
-59599 12888
72369 -20327
39828 84740
13908 -7475
-76999 -51380
31297 64088
-35266 -94877
-18802 16568
-60597 43809
59542 44239
5272 -25848
-1219 1953
-60253 96406
-32449 -68008
-12666 86084
35292 72281
-64191 3573
9224 2605
82404 88452
98061 -6781
-69159 -71400
63700 -81503
-10855 -16723
61040 99460
-86069 -27788
63024 -84246
-30289 -75993
-55601 -4915
-77754 -48323
-39951 77143
24960 -85822
-35221 91327
-55956 -18215
-64954 54253
-7795 -76766
-59937 -87704
9409 -90666
17691 14242
-95993 -99770
68088 37077
-75127 -49833
92719 -42172
-20903 74341
-82902 -45100
71988 54803
-97269 16402
-89048 -12128
-32555 -10031
-35364 -50107
65698 2103
-69158 -86051
-71758 49476
63495 24053
-82899 28383
54819 -40024
-37723 -62646
85518 -49906
69024 -17263
37808 -37469
-90167 -79105
-27030 -75534
54550 -18920
-26857 -65306
-36807 -76968
73919 -109
-40637 69219
-3049 -27886
-69291 -12162
-7192 -47266
2642 -65045
57855 -87297
-74215 -62326
98893 3734
7358 -20033
81623 96003
80511 -76376
-93409 -36940
37774 26202
-32371 90817
-68893 -12104
-49042 15010
34275 -86271
53630 -95812
-55046 10143
56460 87262
26307 -39810
-39880 71750
-76414 7936
-84209 94466
-20199 79336
-40613 -43826
10728 -74226
-8722 36115
60625 -89592
-54369 22618
-39314 81736
-55098 51982
-99062 85728
85671 -47498
36132 -77163
-8161 40880
25496 86617
34574 -41247
69003 -73510
-50786 65262
-37279 -78837
52984 -80935
-44488 46596
14741 48955
28349 55634
71825 -58600
-9856 -19548
40051 -39055
-36528 45981
-54124 -4091
-45466 -37129
-40929 65884
19673 -36460
45249 72802
-33746 23026
-38541 39429
46769 -88310
96018 72725
-70946 43483
76382 17876
95507 73452
-52543 36775
70336 -61647
