1000 195 867690
-25471 -32295
-38902 53955
68336 -74900
-80743 -98720
20498 -73413
1845 54766
-54660 -25593
-74027 97304
-85865 -95327
78295 -20651
-20728 29165
-88959 -31555
51422 -54157
-95160 -30609
-71416 -56137
-6348 78446
-43513 -57068
45585 35218
-97544 74179
79666 81583
22235 6353
-62047 76278
-33168 33274
-18257 -74248
-45379 -38610
14775 -36021
-16292 -41300
-10186 68378
34498 25000
95492 57478
-82191 -25678
59661 -57047
-80148 21578
31555 -79120
-92445 11164
72536 714
-26265 -99320
79994 -69121
56570 -96154
4537 -85232
37932 71002
96753 -84666
-70361 -22472
13844 2036
-72878 -72444
54225 35572
-76743 -80949
71615 -4321
-88750 -44381
-83371 92655
225 -78429
69997 69185
43447 -92454
-73969 54129
73112 -85451
-48586 37367
-68805 20140
-72267 -72730
-32791 -42961
-18950 20589
-88398 76925
-80367 42279
-83749 -51209
30330 61170
-97623 69702
7349 -84627
-41538 -83994
66584 -48950
-90503 -91412
4140 62068
68752 -461
-81425 -6073
97902 60172
-76586 78887
85786 81546
-73614 -76154
25552 63032
-84001 68402
-24836 -72859
27177 96382
-82593 -8580
56120 -81792
-87297 -9366
65692 -12586
40884 -10849
13583 12796
78420 13250
-24893 -93140
-50972 -39596
27107 -26309
-83744 77724
32440 2662
-21134 59817
15781 -14965
80904 -17596
-33671 -5772
30232 67993
-22712 69399
-44912 -17715
28019 84448
-95087 -55105
18770 -52917
-75633 79251
-99065 88510
-37146 -96265
-96492 76032
16346 -28932
-51422 -46316
58145 -3098
14419 -54971
44723 26769
18754 -3200
47046 19187
-71840 -34640
-60910 31524
64373 -24893
29673 4059
-69558 -90354
33330 14144
49384 -12818
48834 -23241
26787 -3093
80561 78223
-26236 87328
-23912 2783
63462 66504
29601 90548
-6615 -99784
99696 93648
73750 -61008
70004 19107
18279 64638
-12589 47165
64954 29563
81989 -27871
-37904 34121
-38327 -75586
-55870 -76150
28956 -2958
-6919 11719
-20886 19695
44632 98791
12153 50711
78890 8746
-61679 -50086
-86541 99041
49530 -53509
79386 39142
53456 15643
-63452 50986
-12056 63272
-35593 -84807
-46391 -83769
82817 17250
2808 29343
-52919 18058
-45425 -57223
-96523 -16771
32123 33699
25164 75168
87498 48614
-95941 52532
-34076 -18812
75833 -31228
68137 -33424
-42674 128
730 99475
87331 11912
-19767 -67020
-82319 49505
58280 -33040
-62828 72812
-9558 30967
89481 -55082
-58921 78435
44573 38783
-25511 51360
6507 -43224
-89635 -34187
-29982 -55014
-73088 41989
8345 90976
1229 74519
42723 -37227
13222 80889
3624 -71178
-75026 75505
-47379 9641
6366 44219
-6589 45408
-85268 -83109
-96090 -63338
46412 79891
96078 -93750
10697 85280
72476 -92583
-45457 45370
-46775 53044
-36377 -95081
22454 -61177
-92320 90652
-42556 83630
-24078 87164
-88884 -88015
-16115 -91973
-86421 62464
78829 -65796
2898 -77175
-42848 93105
43442 7621
18778 -61796
-21406 -29366
-36857 -77689
83223 -88992
54059 4267
66824 -784
-44129 -30516
-34858 -62326
-64929 76995
90531 48102
-24085 -53458
38549 -75506
59641 37807
-94880 -74727
39688 88493
-57175 30349
-17327 28867
40143 -2119
5856 -90160
-16506 -85838
-5751 19030
-2412 32292
-79025 54670
-86852 -46280
62907 54314
-38374 -94529
4540 42633
69446 22908
-83794 -2949
-5293 42709
85391 -75602
60607 -93080
-99035 -36114
18240 58567
-55843 5350
38479 76864
44870 -69697
75179 -7740
-24538 -42155
31476 -15610
-27882 -55628
70580 -15978
-43069 48676
-54006 22708
4765 -25118
86773 -4566
-91995 95584
-7506 -98792
-59394 92672
-81094 -37685
-86692 -90633
98561 13579
-6100 -7877
-79619 52436
734 -55375
51781 94626
67450 -23136
-62227 4807
97045 -35061
-82361 -59170
-68820 98640
50987 1545
88185 17692
-64000 59712
31180 51543
98075 42553
63134 29769
-93256 -32716
4837 -96151
19569 -33207
-22930 15518
57189 36485
27309 -14865
60430 93942
-83607 77076
73080 99289
-29920 -47773
-65618 87895
-76906 17652
-12623 -57380
99405 19762
-81106 -2832
93554 -2692
-21547 74859
-22592 -63486
-38443 -67444
16560 15503
23570 49151
-71955 -84423
65227 58824
-21884 87614
-87275 80458
85794 -48564
14733 95715
-75442 89493
-87748 16596
41185 -87585
43833 -47768
30809 55786
-23004 -1618
-88018 37235
-16499 15061
14732 79755
-79653 -98663
76513 97399
-35201 -27619
-77196 -51970
66830 48164
-54822 70643
-60824 -77283
50397 -81898
56129 79566
-43238 -24853
54932 81408
-59174 19529
26618 36187
-23064 24152
-70387 -16008
85976 49867
-84888 -46512
86926 81615
-32731 -78943
-16852 76337
-4026 -39413
40561 -99539
81950 36601
-45407 13534
-79951 -59788
-26538 -5931
41818 10343
87142 21889
-52862 8833
32349 -79874
34094 14762
54528 -21818
1055 17315
11419 -63042
136 -25851
-69211 15122
-64686 99832
75243 86065
-64323 55740
88559 87607
53677 76398
34235 77357
-91375 34866
-67502 83798
48954 -29190
63363 33665
-36494 -58423
84961 86447
51040 80995
5397 -34420
86239 -29481
91282 -43731
35564 85427
32161 51340
1774 -6709
-54606 95299
38869 83798
-13310 37375
42348 -34081
78340 43036
5596 73082
-75439 -48255
78767 78441
24479 -78345
-74476 -8981
82532 26592
54520 63223
-27835 75181
-99471 -85343
91148 89510
95804 81690
38393 91962
85969 98362
10421 8407
90975 -4800
-94224 98581
60515 -7813
-53228 -30872
-72493 -63757
-35835 57062
3487 61677
57684 -27088
-93533 -32924
-11692 -56066
37082 64921
-42144 -53192
-5893 33340
48952 -85930
-36358 53001
-22344 -26634
47964 -13272
98486 -97382
-37756 1518
-60929 59255
27869 58025
93816 -84448
41881 97994
9571 -90438
86911 -97104
49419 -9546
13055 17553
92055 -4583
-27972 21378
66685 2264
28552 -9116
37918 29373
-15065 77201
53964 -44461
-17057 41312
68190 -6233
-55305 -76357
25815 -99251
-10232 -33710
33017 -71013
-42360 45759
-45862 -33625
-46789 -32057
-73965 53633
-64500 22446
1698 -81361
-13991 39142
38901 -39829
61109 93979
55316 -75410
87211 -8467
-11004 50690
-83339 -56738
-31851 -87642
-36832 53
26092 -822
-64444 17994
61558 76729
-93371 62358
-82843 57927
92695 44967
-4037 -17391
66875 49392
29055 -33107
78985 94684
-5279 81891
-30606 -9966
32555 80922
-91183 3333
34106 -71735
-8916 78441
90651 -88876
55649 -30517
114 19898
24041 -7792
80086 -71021
-57416 8831
-3112 84298
-96438 85440
-7427 -10171
57694 -98537
78355 3098
4374 -59569
-17393 52466
-81848 54679
-24224 26776
-68516 32246
4207 -44660
-12942 42807
-9858 -98850
-95678 -63238
10732 -8104
80042 -83597
-17342 73059
-55194 979
-65141 59007
41555 -76357
35909 70606
-26850 -75909
24617 -68760
24366 66588
68225 -93610
25120 -23192
-95396 -78411
78541 -37094
14911 -12170
-98956 42693
-54616 54998
-88923 87477
7351 -38667
46351 -71075
80516 10540
-84143 -29367
-62907 17217
-62853 -33235
90758 -96150
11822 60917
21512 42599
-92868 9541
-60071 -4712
54209 -33611
-98211 -31679
86378 64590
-30849 99283
-84124 -15676
40252 48827
-74613 92016
64571 15254
45182 96815
43136 -45317
89329 41288
71895 -83394
72932 83652
-75798 -78398
-32575 -55082
-30699 -53035
-98368 68702
47485 -10129
-11007 -1788
73328 53412
9575 -69366
-97608 -51827
-98178 83966
19900 -84815
23837 87972
-29888 -28020
-34747 41784
8270 -40606
5196 -6776
-73452 -90648
-13587 -60981
-58989 45834
81104 11068
-95818 -66413
46979 92288
6157 44132
-89684 84625
57855 16500
-4844 -91812
-84207 74129
20963 23483
-13106 42234
-89473 -46446
58585 -93825
1800 -12132
-86215 -13808
-8660 21139
30790 -39387
55190 -34820
-62406 -55405
-7110 -53042
-67149 -35968
-52271 -3414
-68537 -14254
-4096 -65295
-69109 -1032
76265 17359
-42627 -50895
-16676 98542
29837 -90381
-57432 -87054
90764 -22010
44811 -85019
-4660 34781
-95909 35850
-4013 -15304
27874 -15020
-91079 -40108
99208 92282
28590 -29518
-59458 30363
4833 -23216
83381 8770
48997 -45648
-64407 -53217
-19166 93538
-59385 -77784
16818 -12712
60413 -92600
7576 7242
29592 -19165
12002 -62403
48411 -35163
80565 -64090
-24078 -81682
-28203 21439
-19432 4506
83058 -29468
-19945 -54440
83687 -1013
15852 90212
-41378 57544
-31440 58480
-76332 -15015
-44764 -23235
41109 -27715
-75332 -69499
76899 -95901
4970 53227
22751 69284
-45164 -24701
18601 -34832
74376 9756
-43755 -54540
43910 88107
65465 -13357
12191 27103
-9655 -21454
-36094 99064
60166 -54529
-32209 2172
-91933 -16226
23237 16078
-21321 81559
98506 -95447
-27866 93776
-82836 -45915
89441 -44915
45191 8860
697 23305
-50974 68702
44462 31883
-66145 11507
-33874 -32752
-80308 97487
42558 -86225
-44055 94878
-54620 -18350
-35119 -83332
-16711 -43080
-57514 -74263
-88768 -34593
-60288 9857
47401 1148
2754 -81772
25710 -42461
19705 -45024
11061 -65640
4212 57661
40608 41813
24344 -63666
61057 74101
-52099 -46767
-59529 87269
39276 80869
67021 48646
-53513 -76896
85860 60603
-53664 36393
92491 66297
40815 -42554
-86026 80888
-84087 8253
19051 -90076
36009 48627
83602 -87502
-33286 34786
57491 21636
-71727 83169
66742 -52951
-78449 81969
13369 -23823
42266 40603
-81729 8542
15135 59952
-2471 -29382
-71030 96329
-30581 71427
32063 96818
94923 -58344
29201 -81782
25963 -51340
64057 -11879
-16731 -21138
10856 -6308
4822 -57766
64083 32081
22079 -71456
-36500 65216
34597 -20964
2320 -51101
9549 -34314
2995 65942
-80486 88165
-88907 21408
73443 19094
-6371 71351
-21642 -83474
-1996 -15052
8971 -39345
41506 15865
-91031 -22826
26032 -34638
38430 31805
56353 11510
52798 89357
25809 30520
-54964 -47266
-8286 75587
-15473 -65560
-12257 1183
84474 55848
-51556 11805
64061 72651
14747 -82166
-139 91560
57232 -83526
-82220 -39346
-59283 76090
-80265 -57914
80534 74071
80420 37657
31974 67497
-12026 -20993
-57205 -44396
94685 -53229
57780 33903
52872 -11634
-30631 67485
71561 -23864
-91532 -33614
86993 38329
-75305 86672
-6836 36327
88095 -83555
-94345 -47278
74168 92981
52759 19200
-19021 46068
11816 21362
46643 98600
79486 30448
82980 59704
2357 -37034
-94738 -65741
-79502 23482
-37534 -49694
-66582 -99355
98068 -27252
-48165 27434
-35414 -92823
44183 20747
-71405 80285
-25707 82671
71818 -13747
-78929 79582
-16615 12417
-89886 -94353
96608 61833
50494 -69418
-90989 60066
-29075 -58000
72165 -95594
15196 -84550
51622 66676
1605 31348
-3801 58821
45634 22204
33461 -32946
-8984 31478
-640 29
-16105 -59828
89017 6790
96562 58675
19910 -2657
22868 31365
-49370 90470
5137 -36564
40523 -47511
-99885 -2192
7430 -21739
62876 -26120
-34921 17410
-24743 93528
16065 -49519
99491 1015
34421 24585
-21022 14373
92357 90120
-29752 -74651
-54811 48668
-91150 -84272
11432 -67750
30017 -31884
74080 -30433
-78165 69847
-70943 -37882
-16551 -57572
88498 36659
-584 -66143
-70654 -10319
-81440 99477
26582 23530
60601 25037
-55149 -75421
-61908 61657
-6264 90763
-91775 -98745
99883 61421
-74438 -42020
11905 79429
-9409 -43256
-29127 -50141
-53684 -35949
-85212 90178
2537 -37035
-89556 -43337
-4203 96535
81111 -61919
-71318 -53668
-41065 73758
53584 61354
96855 -86696
72695 -68046
45189 18326
-88385 -49880
95378 -11373
-13614 -22254
72611 -15729
93302 -52371
83525 -19268
63513 5327
75159 -25197
15734 58821
-96037 -39765
-77476 82721
57035 31485
-89032 38076
-76723 59016
49097 41018
-96923 -71603
34787 -51217
31538 -81037
-3174 -16328
-59707 -47700
-81702 -40253
-64925 24958
-76282 69684
26302 71305
-40111 71722
89285 -81347
-76522 199
-34622 -37779
-89602 -44550
-2030 97716
34847 -57688
76212 -8674
-2485 90778
-18433 -49330
64109 32388
-98476 25648
-40808 -9681
97563 79133
-48750 -45153
92353 -4859
78307 -62640
-61858 -26717
4801 99937
-20803 -78211
46258 -11693
74056 33107
-25498 -63920
-16984 -88571
-69600 36363
-30379 -50403
96882 16114
-57626 -66288
80848 50027
-21567 21836
62298 99957
-8441 -23484
98873 90824
4810 -46781
-34926 -61320
58924 20371
-82579 17009
64650 69395
-48810 -96501
83589 -43235
-68140 14799
51937 58926
-56383 -78388
61760 55457
95699 -31450
35264 25878
-72628 -68057
-1415 -40142
-43847 -55441
-1407 39891
55699 -98504
64457 -63581
52221 79077
-10025 55006
92214 10392
6491 53254
-81320 -66563
-55793 -37540
-84633 41686
-16322 23997
25299 -75703
-87241 30306
-83094 -82226
-38521 1314
74175 -35234
54227 39515
-34081 -93115
11855 -5913
33444 21012
5445 -20201
92475 -5713
4197 -55698
-37094 -71096
57397 -34804
41243 23100
73333 -3078
-81194 -9338
53624 -50547
2556 83939
-64458 -16067
-20609 -94570
56384 47471
40171 96561
-94128 9384
38207 19662
97499 73429
-41969 -3585
-77592 87487
10878 -27422
-56013 58935
48018 -75483
-22285 -4284
-82590 53070
-40300 76061
10735 83773
-67924 91929
52926 12744
91403 -30565
32283 -38372
-52777 75474
92274 -81174
-60916 -83670
36666 93694
-52755 -97057
-44940 -84273
-80876 -25979
-54918 79121
56486 -72269
36335 -20168
78702 94543
53165 -27222
7914 -75639
28134 87171
45318 26063
-62498 -15488
-11784 -26417
30672 -86973
42811 64294
-9294 10610
95116 -89951
35483 -45119
47096 -45511
-20923 41228
59941 92731
-58917 -42114
-20147 30028
16031 41189
-90101 -66105
-55676 -64051
80443 -8986
-88102 30113
34212 -78195
-18830 48991
-25301 -73998
57268 77259
33338 22195
-84440 27772
411 47216
53210 53601
-2147 43298
-36524 -73289
-74919 51634
-78409 -78065
-97578 -3477
-14129 -62238
91733 66522
-1883 -3937
22536 61100
-80956 57221
1980 66657
-33763 57863
-84609 64308
-35266 -1221
79287 65700
