1000 431 7216
-18813 87802
68545 -41382
-93734 -10629
2136 96535
96671 76594
23316 25900
68009 -64638
80147 77107
-54710 -12577
-64042 -44251
88821 -29834
68529 1974
-11899 14744
2992 18506
-75357 -25589
12909 50259
17985 89137
-61674 25088
-85341 42411
5595 -53588
-14036 64341
31763 61269
-72297 61508
40127 -46727
-25969 -73523
-66743 96028
50716 -42123
-94425 -92749
-14587 6935
-10117 83771
-36203 -24406
-46621 -21701
38942 -25617
-7945 88735
45076 -98606
27647 68414
32718 -14946
-66885 62133
-72062 45406
-12611 4012
-45643 -65868
-34554 -9067
33092 78519
-68654 -70838
24509 -81410
-25431 70475
34384 -92631
-30131 58338
-72716 22031
31350 24094
15195 -84739
55423 -18105
-35808 -1631
20724 26858
53709 -21619
-39970 -11614
-656 19711
98426 25697
-67696 65632
-62789 -64079
-98652 -66196
57074 -69696
-89156 37919
-32538 1055
49195 15263
-20679 11940
-86381 -92829
21536 -73886
-6867 21002
33996 -32997
-77598 7998
-40846 -62218
-34104 39205
-30783 17246
9934 -48779
-41818 29432
48083 53644
-64098 32145
-72889 -5475
36718 88495
97581 51498
-93218 -15183
-26029 11014
-34107 -54712
-43046 8411
-62707 -62957
38245 -29603
-48996 20234
-46784 -83171
8296 48993
-35730 28539
-8552 -42673
28812 -75827
91171 -39612
92082 86450
-11461 98150
37337 12221
-27091 38133
-35735 36010
-85272 7795
-70120 -18791
-28664 47328
92925 -14593
15423 -6882
36506 10499
88203 62862
4825 -86977
-59709 -95733
88501 -36896
-76403 13980
72255 -49683
4774 50005
55566 -12588
46298 6344
-95989 17029
67712 -89340
-40073 -73223
-45285 -46123
-62175 38479
-82137 -99647
-83833 -44645
14469 70097
-60807 -91669
-92493 -16708
-76425 23332
70396 13789
68314 -99434
88774 49211
-4382 -32197
18734 10378
24903 38391
46189 -35574
20294 -43473
75680 -41811
53115 -59938
-45014 -13017
45281 83009
-58160 74743
98268 -85140
-53460 -46384
-67799 -61867
-91903 50946
50397 7279
-15944 62170
70494 -77112
-36011 74903
-77563 -41387
39557 -72390
96771 81132
37843 -84513
-29444 69842
-94271 -77049
-92462 -82368
29209 -26668
-62326 11331
62813 -77102
5053 68523
79573 -64210
37818 -50399
-69236 16913
50079 5152
76087 71328
-68399 14081
-13778 -59603
-87714 46626
34483 40486
-93480 -8631
-61742 -20186
85560 6010
-75180 48160
-19266 -1389
-1054 89448
56649 -92494
12697 94778
6611 22780
-7973 -54880
-40760 -29023
78903 91342
47878 -40430
-52012 -93451
54970 -50614
46630 -82543
19035 -66655
2869 -53620
93431 37677
-5374 64201
-27643 34466
-28896 -33875
-82217 -18013
-32979 -38487
-58029 13197
69655 -36596
54282 33711
-77919 -25759
-32133 -70044
-93723 76510
-74485 -78382
94141 -32547
3291 88182
-19354 83350
-8214 -22483
10123 -23576
-48732 98438
-83251 53560
-45595 -45710
-13355 45653
71595 -90123
41317 -40013
56154 -30124
52363 -1830
85360 86485
-18440 -61006
78582 9649
-41433 -93359
-25229 -84117
-93115 67995
62522 -97448
59392 -90792
-83555 38937
37102 -17966
44593 42161
66167 86618
41983 -77922
-18148 21512
-89368 -94816
88043 95618
37519 34522
-66730 -45632
-59049 -32279
37739 11119
-60859 89626
95080 -28741
385 44096
-29607 -73086
14604 52002
11433 86309
-8629 90826
50043 2225
97799 99620
-72601 -85835
97481 91144
-47741 36152
-7652 -41389
97405 20293
22060 22436
-88063 59827
55772 58280
-25174 -88107
-95648 -20546
-87448 -58833
-87173 16851
-88293 66068
-81287 -36740
-92800 80568
30445 1641
-24089 59551
-57760 -90154
-45037 -44001
-2751 -26236
71511 14760
50182 549
-63582 -57765
-69762 -38612
90933 4501
81235 49530
5441 -10316
83142 -58886
-76395 84328
-32167 -8375
-18313 -63447
-8210 52728
85891 11794
-92020 23113
72422 -49098
-88048 6658
-28525 50496
-99137 -70172
-41262 -86190
-9295 -12553
94136 -98125
-59689 68454
-95928 25650
62797 -46180
-48353 -42113
-78361 36742
97997 -40828
31412 -65814
-16716 -24814
9005 80198
-89769 24675
-76109 -65877
-41516 24274
-31966 98811
-99221 -6044
-32035 -45781
-43909 6819
69115 -13352
-78014 -33345
-3207 72791
-91923 -66409
46262 96442
18300 6232
-86917 30017
-76855 -15631
-49928 -5812
-45603 -60500
75479 -52271
-19835 58148
66920 -97902
41334 -82258
-431 -17623
3984 -28310
-46628 -58313
67512 -88602
-10511 -917
78504 -84105
50445 -77436
38287 -70799
-79252 -63631
-78588 49914
64406 -55628
-10002 -74045
-57817 -64313
-88328 13086
92061 53304
89777 32301
11968 80826
-13969 56841
88457 32713
-44173 -79865
57187 79818
-66123 -20430
70996 55599
26465 43209
-70774 36307
-64454 53456
-93047 99413
-21121 -22642
10703 -50981
69580 76802
63992 99431
35950 -39112
22836 -91251
90539 -87754
56437 -75042
68417 -20184
-75402 64889
16204 -93279
70442 -13740
82429 -67900
1034 13510
6717 7984
94336 59443
3883 -60242
76890 -44175
-69806 91827
-51685 95709
-16802 -99335
-51535 -63560
-8103 -69303
-46272 74509
-82666 34388
47174 62859
-94659 -32321
56413 68946
-54095 -14516
37916 -68074
15725 -53672
13531 -6589
-49374 -77351
-61130 39267
78831 12406
-14614 11493
-27361 -67626
-81693 35894
-24233 86666
-47054 -12595
4984 -32540
66797 -50642
25242 15638
-88422 37307
58067 -66316
6104 78662
72958 80930
-65549 84722
-4348 -31019
-24535 -25649
-74072 6627
89491 -32810
-34489 -75192
79125 84057
-12507 70606
70824 84859
51876 43033
-66138 -73600
62283 -45726
63441 -92486
5983 80076
77647 -77355
-464 13392
79372 61305
58792 -32855
53137 92942
25088 54897
39550 -51322
-61414 -91472
-22843 67144
47525 -15545
-95591 -22956
42993 -12566
5037 92523
60828 40261
1052 -74880
-72263 36565
7747 -82612
99778 -70113
-34938 66568
48067 94373
-26221 34152
-11820 77952
-36402 75454
12467 -24812
12814 -15355
84386 9522
-89399 44654
-74730 56082
43959 72253
88035 56310
-33570 24066
3766 -55074
84782 2188
7168 -7820
17461 30
32355 -27892
-57082 -14109
-50412 -18852
-26436 65534
22428 41284
-55715 41883
-95621 -81150
23364 -80544
-875 72919
-5135 17728
63389 98030
99468 -54824
-36280 -92246
48352 26385
-30661 24657
-52411 -60025
-29389 -17802
-20474 -14420
-1168 -36151
68025 38773
21395 29404
22661 -97165
83647 1632
18809 -26010
-82970 73730
31974 17006
79662 -37201
-45345 64191
5903 7057
-73028 23070
37774 82310
-34617 11847
61384 -17791
-16391 98090
4896 84504
72620 5304
-22907 70931
-53297 61767
-52380 45429
16903 -63108
-27751 -46544
94930 26257
38436 -41970
-76880 -18202
16701 -6593
44075 45401
80043 65669
66555 49007
-75482 98638
-33703 -25905
41883 -2501
-23967 -97217
-56272 -25226
50154 -63797
29490 92568
-59734 4777
-66908 60707
-94312 15531
-72549 -16566
-93577 18586
-91085 -63954
-31740 -75963
83573 73444
-14558 6979
46412 46386
16575 7665
-21989 -93216
54522 -38189
-39100 -64088
96047 -35415
22667 89993
-68563 -75452
-64236 -9337
-39981 -97783
-57750 -1542
-5829 12409
-62999 -5215
-52847 -28347
-6807 5647
49693 -73933
-83136 97984
39176 -29736
-78252 -22301
42420 71597
83645 -62942
-98638 8891
-31830 89460
-7489 -28505
22082 60350
-51941 -36624
-55515 -97070
-16560 -73313
40738 -45496
-52046 87601
-78918 56712
-16514 -25142
-12487 -86072
-35680 77383
67358 81081
71549 -60315
78111 -58131
-35095 -6564
-81509 -68014
58578 80135
78215 -75044
-57224 74995
-43432 58567
38706 -89509
55668 87281
85292 -47280
21110 -19202
-19529 50135
19291 39296
-62132 77439
-68204 -30743
-4479 7864
58984 -65346
-21995 760
63753 -62194
17914 -79957
-90245 27626
-30569 71382
-5511 91554
3971 42822
81489 -93404
-54992 -21691
-62814 92785
-9987 -1075
25530 27008
33436 -6749
-96304 -73134
-66301 23975
84609 74912
-93916 1700
-26495 15543
-72502 64473
-26682 95287
-10884 -34126
79433 -92412
15322 74453
92462 81858
75293 4924
-7379 13489
-53702 -31630
4810 55412
-94916 97704
85222 51999
88467 -30875
64855 -51062
-4336 87305
-97759 -11605
-98037 -92459
-84760 25873
82642 -1622
44693 91770
37554 37368
34462 -8515
-18351 22656
23639 -7662
35236 -97725
-8121 82713
-8149 -80616
-67215 -7448
-89310 69369
16531 -94480
58837 -18141
-35572 32420
25637 23912
28001 -16327
88270 30938
-69768 85597
77896 -94091
-20725 -78618
-14928 -78878
-47523 42019
-406 75007
-57188 26849
-80231 41501
-23028 -19092
-15 69089
-75797 -98802
1897 -3049
75105 29039
29188 86815
-18294 -82564
-98235 69432
90292 86612
34545 60500
-23867 40019
85275 -5653
39986 -46926
-84707 -21935
-2129 -25996
54586 30387
28591 78684
93903 -59023
-34113 8638
-99780 33044
-33676 92432
-46792 64716
87552 57824
15361 -54236
59762 4597
60456 -69354
-65921 -79220
12291 43906
-78230 -53141
-76393 45165
-44114 -71108
-94037 81215
-18503 -25838
-25134 13599
10999 86414
98474 -77689
-92413 -42507
4963 14415
-10470 25847
-46513 70714
58206 -54293
-73673 19043
33145 -56709
15927 18578
69517 34709
-96120 -87685
-40810 42948
-18910 -16049
-98963 92372
-85036 -35414
-1788 10442
-25297 69242
-65879 65671
35830 -38082
-46197 48116
60616 38721
5612 -46355
-27501 -9976
-56096 -44222
18365 -92382
-30615 6248
-32901 -98247
10901 -44228
-65041 -76995
20012 -69969
47218 34771
76725 49601
95182 93964
-56216 -42556
-44619 -38880
47214 46155
-3910 -85157
98482 -36784
-42723 -93395
-86058 67497
90117 -74025
13138 92610
2790 -8825
-97409 98304
14986 -29934
63604 74587
97849 -1647
78315 28260
-54416 90084
59402 -41348
-68117 46553
11127 -6387
-7348 88608
13716 26723
-21465 -75151
19489 -67198
-52060 -59545
-12758 -30569
27017 -88610
43075 5202
89909 409
27359 24423
-56842 -92087
-87527 -64105
-27523 37497
7009 -21900
-19728 65955
1405 -93198
52550 77601
28586 50891
-29897 -68052
39268 67327
-53927 -22135
18300 -32132
-73818 8267
14913 -74561
-69121 -53098
2508 60066
-63490 78164
-61631 -38706
68148 62617
-13434 56207
67619 -68479
8097 -41205
-4712 37865
-78125 39920
-67497 -17160
-63322 56606
-86144 34887
-98745 -75044
-94169 -24126
98055 -62362
-7231 63220
96643 60415
61561 -26439
-36170 46402
65974 52284
-51018 -73829
-38028 -50548
-61208 38373
76918 67732
-97341 -20410
-41250 -22116
13259 98017
10468 91750
-73354 -17720
-91590 -84957
24398 -19165
95602 -92175
6530 37878
11822 -295
62094 35981
-20941 87566
-26814 5410
42053 -1582
-59634 84001
-33084 97534
12367 -10915
-31662 -88277
1938 62727
-52676 9039
26335 -59932
93585 -77772
-28348 79367
78476 -98703
69566 30523
-85569 -40748
83911 75319
-61213 -21511
-36216 -74364
-4766 -22364
93544 -79517
-25589 -87255
91948 -6766
-49023 54419
-60365 9381
-73489 -6716
39322 89851
-642 -62106
-51954 -6247
23531 93636
-2070 -15261
77153 -88771
-54891 17224
7310 -9981
3761 76669
-18462 56621
71150 20508
-83939 60198
-19622 93115
71808 59758
-6868 -57556
9965 -22833
-20351 24664
-23628 -16830
84679 29224
-85766 -20440
86852 -24571
25773 33831
-28128 13567
-52136 -96122
-37769 59481
78478 -76853
-73006 69541
19719 -73067
16859 -35443
-65861 96366
-62626 28706
-24278 -5701
-39988 -57932
1688 25091
-46589 85451
-32283 6687
3144 -30899
-66577 34480
-35710 41285
14234 83791
40424 62635
52811 94832
88971 52768
-98554 -95982
76844 -85944
34147 -40242
55130 7386
53325 -9131
-93354 82403
56188 84380
-90716 -36582
74435 91236
-28861 69265
82158 50492
-10443 -29582
-59639 -41870
-62268 -73678
92321 -24383
1805 -14725
66278 -77417
19041 38201
-30922 -89796
62731 57634
85389 34130
97627 14628
-80241 68151
-2140 31092
-68555 63339
-69798 32770
-46052 38609
-26561 -72962
52994 48934
26983 -59799
60156 10363
48141 -51763
-792 -64758
53731 90169
29564 11480
84602 -84175
4524 49788
-93910 -3716
35796 -41732
74891 98094
-1882 77386
-64467 -92100
97511 -33743
55546 -12104
90340 6154
-12077 87931
-17018 -97960
10322 -29646
29096 19910
24362 91819
-81433 48584
40991 -89185
28484 213
-68562 -3535
42561 35426
4507 -18545
90193 74725
98569 -55968
-80753 -57849
45034 -65259
-96979 -90940
-20389 -94352
-8697 16482
60687 46381
-91621 11432
-49989 -20236
47166 60282
-16670 78562
22929 -29964
-81464 -4205
48977 -71176
-54978 -32847
-43206 99234
92210 -80139
-16050 -7409
-78445 -76560
-56657 -19405
20163 -35127
99447 -33495
-57469 22347
97504 -21392
-9634 -73191
-92608 -35811
-31124 46820
-27870 24389
80657 39380
18784 -82939
28226 39499
93614 -58213
-59509 27348
98958 -86069
2053 -25661
95147 -50476
25213 98102
29621 -83439
40859 19486
-82403 54834
43434 48108
-30892 -62814
-21221 88869
-74308 57734
8821 -54402
-41502 20723
-9811 -8239
34678 -65548
39307 -56079
80109 40377
-51877 -81158
65375 -96888
-57563 38678
3679 -3155
-19 8514
-52087 83543
98752 -11282
93327 -69171
63468 75670
36087 -47612
-79493 67759
-81977 62691
74182 48034
-27406 -93402
-18793 -80734
-41065 -25193
55306 31769
-12115 -11855
-93039 -79129
-22536 -55385
71556 50317
86620 50276
-28908 68173
-6443 -1299
-96718 -97744
-53032 32439
28418 39265
62586 -74960
89851 -18877
-38643 -2739
24039 -64501
-73231 96266
74643 -59290
98473 -78578
-44251 -27255
-33452 -74627
64464 -57809
-45698 -17852
-53347 -53316
-15590 -82750
53699 66716
-69888 84531
30576 -8485
83050 15456
61947 -34363
82421 41791
-26183 -46308
13941 47990
-92844 8057
54720 68743
-28982 -57147
89922 -97288
-36528 -97523
978 -10331
29757 8529
40917 99831
60477 -87775
-74369 -81396
34328 -7344
5003 -15432
54799 22221
-64558 -83400
3785 11514
37973 70468
59134 88712
74662 -26379
-90517 -5546
