100 33 7
-7 9
3 -1
1 10
-9 7
-8 -10
0 0
4 4
1 -4
5 4
-9 3
-3 -6
5 -6
-3 -10
-6 -1
6 5
1 -9
10 1
8 -5
-3 9
-10 -9
-7 -1
0 9
-7 1
-4 -3
5 -8
-9 -4
10 6
-5 7
-4 4
8 1
-10 -7
4 9
-10 -8
8 -4
8 -7
-3 3
-9 2
-6 -3
4 -7
3 -8
-7 4
4 -2
-8 10
4 3
1 -9
10 -4
-2 8
8 -8
-1 -4
1 8
5 -1
-5 -3
10 -2
-10 1
1 10
3 3
4 -2
3 8
-5 -1
-8 -4
-10 6
8 2
-6 -6
-1 6
3 9
-2 6
0 9
10 -4
-5 -5
-4 1
-5 6
7 -9
6 -6
-3 -4
3 -9
-10 0
0 7
-2 5
-6 7
5 4
-3 4
-3 -4
7 0
0 1
0 9
3 4
-1 6
8 -2
9 10
-9 -3
-2 -9
6 10
-10 8
4 7
-8 -3
3 9
-5 10
-7 3
0 -7
5 -2
