100 14 13
4 -7
9 6
-9 8
10 9
-5 -7
-6 6
9 2
0 -5
3 1
-2 -7
2 9
-7 -10
8 5
-1 10
1 -7
-2 2
6 1
10 -7
9 9
-8 0
5 1
-3 -9
-8 1
-3 -9
7 9
10 4
9 7
3 -2
0 -7
-10 5
0 -8
-6 -4
-8 -5
1 -2
6 2
7 3
-4 -5
-8 -4
-4 -3
7 -2
-4 -9
-5 2
-3 -4
-6 -3
-5 0
-1 -7
-10 10
-8 7
5 -4
7 -2
1 10
4 6
0 -2
9 5
-6 1
6 4
8 -3
-1 -10
-7 -2
-7 8
8 -4
-8 0
10 5
10 -10
-10 -1
-7 6
-9 -2
8 9
-3 1
1 -9
1 -9
1 -2
1 -8
7 1
10 -6
-9 2
-8 9
9 -5
-6 10
-9 -6
-9 1
7 9
3 -8
5 10
0 -6
-3 3
-3 -9
10 7
5 4
1 7
-4 -6
-1 3
-3 8
6 -5
5 -3
-1 10
8 7
-10 -9
-8 -8
0 -5
