500 154 11118
-98006 38304
64008 64045
-51927 -68649
-91765 68129
-2642 14279
-99301 35234
38519 8720
-8814 44061
-48450 -25976
63624 8688
-6146 43804
-42326 69050
-58002 -3379
26694 21990
70956 87147
-64634 -83551
96374 66821
35996 -34663
-82089 -4784
-48609 -56832
-76299 -34729
56439 -23907
95481 83300
-49133 98418
-18395 19892
46681 64505
52333 -83280
30284 62230
-55628 -84932
67904 98985
-38441 79628
95903 -88038
6240 -6499
89972 45467
82992 27620
-91600 -90708
-74167 34708
-9922 96368
17902 -32378
-30784 22130
81856 -8583
-27344 82636
85056 74558
-52694 -42966
24320 -64738
-52917 82039
-63629 -32123
91040 47306
68582 -16309
-71526 -96198
-28736 84461
-41836 41663
-26915 -16794
34564 93726
-719 92490
89386 -66624
23746 1690
77162 -50688
-52645 6467
-64801 65072
70830 15862
-13353 -14882
12058 84678
90927 -33728
78907 -49351
10681 88035
34058 6957
-70153 -99108
-36895 97459
-97289 -86788
-12368 72458
65737 -97999
-88787 36972
-18376 -17400
61507 67308
-84229 -85973
51440 -32547
65590 -76954
93182 -95859
77278 -61412
-70959 -30363
-92120 -88418
-35249 -54494
-48203 -90254
81847 43557
91471 35392
22863 41810
-88725 45057
76224 39952
-37213 -2959
-66689 -28237
-25917 -94043
-95533 87374
84788 -5870
59206 -21675
52913 72798
37036 52221
36521 -81243
-5687 2346
12979 5565
-16458 27715
18800 13911
66272 65824
-87791 -11162
-1311 -75040
-24002 -9786
-44514 73812
-3881 79437
79345 -89186
41008 -20197
-48775 -27753
-62466 -48588
96102 91471
-92878 -32906
-71712 76741
-52139 11112
9806 -44907
45777 -28769
-55359 46675
10833 -44861
-29800 -33398
-53173 -11422
-18706 83322
89696 9103
22314 50187
6883 78388
-83688 84551
84274 37818
-34831 -29419
99713 25691
-348 18716
3690 95592
66090 81195
82226 -78108
-17616 -91179
14706 43236
57825 -11137
8694 -21187
-11625 54524
78847 -82287
-60457 99169
34057 89202
-96563 18672
-99954 -4046
71343 35098
84856 12820
-19144 -65901
61315 -20549
-80046 -59040
-41046 -64199
92046 -87815
-97541 -38069
-44986 7082
-24134 38660
-8637 -38839
13868 -75059
79303 4768
19719 -5631
-34264 72810
-54678 -93356
-46601 -82118
67476 21651
-10933 -7761
-33315 83294
-84339 75770
31888 92860
18005 64224
86106 -30139
-10098 93176
-32789 17213
-42995 -1889
-39891 6629
51186 -92436
-52037 78444
76654 13062
-18351 20448
58823 -96543
50545 -38861
81856 6122
-62147 -37517
4801 88694
-66475 59860
63385 -33034
64954 -33626
8689 -59087
69589 15781
-75501 90893
-16041 -58620
12333 50514
92732 91464
-3816 -94962
-4019 19572
53155 8811
92283 21710
52761 -92483
-19491 -27639
-29545 -51652
62871 -10617
-7835 -80933
88058 -92298
-54338 65365
40514 -99612
-23039 83583
54602 -76029
92229 58508
-90278 -24173
84741 87552
90521 54342
-67165 -77647
-51804 -98098
99794 20621
-36410 -61938
-70610 72932
-10430 -17236
39541 36863
-86254 60085
-86159 22044
86176 42043
85966 -81740
-78711 80820
-22451 70213
-22438 -41526
69583 -4349
79701 53930
20822 -21238
-11082 -76198
4392 -77093
-55619 -11695
-279 -24501
-14354 6141
13736 50312
-11592 -83478
-88090 81626
-1278 -71239
4814 17573
-55242 42432
31117 82323
-88572 20177
-91292 -6401
15495 -619
98496 38937
56921 56960
19648 -61096
15735 3556
-90550 -76747
-86215 -74313
22680 -29558
-52347 -61646
-59976 -98692
-98427 85745
-38227 55293
36455 -15686
744 584
-78158 81977
-96788 88271
33995 -72946
-33816 -48516
-91779 -68179
74243 73006
56562 77411
-83930 -30373
-34835 54876
-25160 -2835
-36941 -86886
-16894 -79163
73161 52691
81377 -42230
-46674 -67073
-98252 90193
68696 -27059
-19497 57367
70372 -4849
91167 -29598
-58303 -568
5264 -69385
10571 63817
-49903 91774
-45566 19298
-34736 -12711
-98270 10456
-21496 70325
20372 95441
-66476 33718
31136 -80912
41434 -9791
97191 30226
-27920 -23722
-59893 -23698
7896 36482
60342 79287
3242 -75949
-92650 59480
28016 -61349
-37024 71944
74369 -17901
-84104 -31377
-34476 54859
-16207 76978
-79597 -71090
80781 -59949
38095 9687
-28167 62638
-37097 73746
-42516 80060
48263 83021
-15136 -87413
-63466 -19194
22592 41494
-15769 -16267
-55108 70916
-64614 -63141
84610 52117
-77713 -20864
64103 -77621
46926 37986
-69069 82737
-87619 -19133
99439 -48978
38423 -47710
64322 -92229
-85664 -77616
53913 94323
87929 -24786
16732 -3062
-59598 12770
-92100 -50342
-96781 -62833
40758 81760
98956 11406
-15398 -21170
46851 -69665
-40791 77428
44933 96370
9942 30363
86295 88284
50961 75271
99881 -59410
88481 37273
26056 -43873
-12581 98468
93302 6514
-96006 -63128
26921 -50603
11303 -51824
21181 7682
65363 -93059
-84395 -38278
-18535 93996
-99688 73002
-17112 -25061
81001 -71919
16810 90826
23368 13128
17958 57037
-14467 75334
-55653 -27807
59811 -83884
84240 27181
-81116 40436
-19850 59732
-69960 -29833
-52675 -29269
-73881 56197
26802 -49107
49716 -908
-34248 36077
-10794 66825
-47984 38306
89470 -89916
-35732 -21197
87185 36218
-23084 11686
-39577 87873
38084 -15488
26973 -97977
29643 -65234
-46843 -54289
30133 25275
-6645 -35059
-75927 -68010
87374 41719
84371 -39511
43152 37974
-21958 75053
-99111 -83794
77045 34624
10898 66488
-93150 -90313
-50320 -97367
-26820 -15335
-12614 -21195
74609 2046
-48 -16020
92472 79792
-47746 41318
49351 84108
-78883 25873
-30514 49684
-92030 40456
-18121 58031
98315 65865
-62705 -88238
65127 84941
-51457 -97798
38895 32552
88201 -449
-32993 59749
1669 84548
23257 -64657
-67522 9245
19101 -48597
-43856 -21872
-36643 -7242
11565 69555
53728 -1728
45717 81897
85319 -37689
-61655 29040
697 -5469
-36812 -56606
26275 -16830
-78321 -31659
-16996 -58055
-48226 29046
82327 -61255
-64051 -61876
-74617 -76335
-43056 77551
-60555 -86644
51466 -22446
72535 -99018
-8681 -46275
-64981 -18870
-64211 -5937
-62781 45521
32845 4895
-58525 -32552
74632 -46767
-4703 -70222
48672 45236
-14421 -83435
38703 57133
-96022 65476
-46856 5677
-81760 38161
-73092 -53469
36108 -75102
-38307 19573
87401 85230
59147 61926
91290 92696
-8709 47319
-81731 -53990
8935 -15629
69446 -48229
-97571 15440
-66180 74869
-80658 -58187
-45679 14563
67761 -91463
-88838 -18438
57367 98323
-64570 -96936
-24975 -8926
-93750 -2097
36735 45817
-29001 80921
-97387 -58671
-55678 -72233
47 42171
15826 58872
43289 -57946
61151 -38464
-48579 -70715
-48936 89834
16514 -83334
-88933 -6471
82728 -43552
5465 -29682
80528 -14262
24020 -59805
-99731 -91388
-87756 78330
-64750 -91674
43578 55012
-31956 -153
-6328 96618
-96283 17523
34114 -70310
93642 -43345
-51379 -22894
-8911 -3850
-76559 -71805
89132 9278
-18205 24449
98853 8912
88773 -74960
63565 70948
-13880 -91365
66548 90623
