1000 573 94574
-34322 95419
18477 91044
-18044 -25513
-75308 49397
-91101 -92828
88577 46564
56713 53627
-79276 96765
19623 -28068
9264 -43543
-14189 72282
35503 -38611
-90119 52821
-59050 -52095
-61768 -18881
17384 39167
-24531 -76690
20936 5642
51728 -26112
28146 -16085
-65105 -71728
-59791 -87666
90788 30931
-57102 -47918
-45467 -28608
-43011 58194
-61037 35095
-681 22992
81723 -76051
-75318 -5619
60967 48403
-82382 -48381
24634 829
-55848 -37889
65437 -58897
84333 -38614
33199 9296
-38448 36267
-21531 -13398
77433 -73244
-11001 81579
-71446 -42007
27921 71101
40256 -96526
-87845 -16357
44580 -87192
-14720 -42419
-7899 84379
-97158 75587
47489 -7622
-77364 59043
66005 98564
19435 -50387
-89617 -21769
-9843 81487
51641 68746
-98032 64347
63014 83298
-18282 -70953
67615 -183
19597 -21244
-90807 -73391
-65054 52965
20340 -37678
-11285 -12578
24629 30735
97425 -42620
20149 88276
98993 -598
63196 35958
52567 40653
66317 -89098
63102 -51042
24074 -72778
-42879 17192
70916 -23703
-98566 81641
54656 53804
17864 12886
87535 -96255
35454 -64655
60718 -16146
62119 91055
75462 99468
62832 -40036
-95955 41163
22967 87819
65154 5689
21162 48896
-76112 29432
87077 -61534
31148 53837
9168 25658
-20705 -48922
-92820 12710
-63906 4310
8239 -2732
-12906 -36389
8500 32558
-13323 -69169
-68928 -46275
37386 -74949
-80712 -88100
28987 -58996
-61555 -18820
-27116 17663
-42501 64576
-56868 -80257
44753 87852
51699 -32116
-6194 24388
-97768 -13162
-47411 -57873
-45329 69344
51541 -83661
83749 -62055
-41455 -98026
-46143 -32350
-65963 -38502
-25529 -34291
76307 1483
-42883 -77092
-61530 85481
-25059 77756
-48915 30341
-76532 -79510
28119 19230
-18108 65913
-63581 -96300
-55963 14041
-46951 -65601
-60269 34146
-58978 -35995
50429 85499
-74344 -95305
67093 -97985
21247 -88472
-92643 99554
-13707 -52303
18935 52739
-44714 -69986
-65407 80180
-71205 74340
-67060 -48499
10496 -20324
36875 -43680
-64756 -30097
6021 82166
-44704 -88103
17803 37070
-25059 -84687
-9757 79126
-35908 51570
-37303 -93129
-5641 82423
92223 -17498
28776 -99697
72208 57690
-4494 -15087
82689 -27874
20868 80412
-33055 -52966
-37738 30752
98733 -24594
-8664 -92283
17301 -2368
36810 7079
-82655 36314
-81848 -57763
-24243 -10370
48334 -45742
-4537 -28523
99173 43011
57131 -59415
62915 56035
9915 7781
-47483 -9812
-7789 -31682
-40663 85024
-90051 -90561
60713 80997
-16811 -99191
50731 77701
-54551 64594
-70574 98967
35064 -16288
33405 -92764
-4471 5736
38908 -22339
59816 3053
-79502 -31182
-81666 18557
50922 7959
2843 -82188
55367 52713
58375 -5931
-33720 -73506
16297 62012
-38949 76541
41673 -87301
31736 65049
-60429 -80574
43947 -11340
30223 9139
-76917 -97289
-99230 13534
-13869 28257
78479 66877
67263 65768
41160 -74900
-18650 2026
78851 -95422
69147 17450
86416 -773
27073 -96526
52308 -67337
79732 -47405
30251 -29926
80421 -40471
64819 29564
-42596 -16197
-71362 16610
49556 64813
20405 47621
-88467 -87499
96457 54531
-91331 -98948
-56256 21656
-3274 306
-10240 -59477
-71444 25534
-45406 -12080
7608 22112
49856 76012
-62892 91471
-8530 77856
-36231 47311
-93747 -35650
2777 26405
-45936 -69564
74789 49029
-17547 72612
-77836 -56802
39753 -7501
-47388 -50291
39209 49955
-3891 -7705
-44709 44072
-56039 89049
2955 2124
39801 -58555
40153 -75654
-77069 -51294
66899 -73149
-72710 -48697
87168 -9173
42405 89097
-59737 -15807
81609 70449
39016 -37540
75902 -97564
-68003 -26031
-77600 88
25330 -7084
-92608 -72028
-94139 89292
-52125 -81117
5446 12863
28212 -3174
-25421 -82641
83817 -68402
58161 -14361
14061 13961
9141 -79713
32 23533
81125 94901
84418 78418
24061 24720
-84371 50176
-43257 76615
57860 -27938
2912 -45463
-95014 -56729
33512 -47202
-85286 -78024
97799 54236
83932 65837
-44724 -86794
-68512 -15158
-20301 30617
74758 12369
-91470 -34354
93039 44686
-34799 -27177
-62131 65252
-76280 49997
-29047 64585
63948 20406
-10464 -88471
-76472 -12885
40326 57416
87486 61578
65280 -94452
-58653 -26693
-51270 25714
3551 218
-74086 24803
-13568 -26312
-34106 64866
-17134 33045
83797 47481
-59267 10865
-97825 22367
20057 -66058
-22426 51962
67468 55929
-19396 61699
-27072 1680
52832 30701
-26767 -97818
2375 22305
-20716 -14414
67580 -33971
-41469 58725
37939 22676
52229 27760
-59267 -56946
71830 78955
15956 -87508
-23126 64309
57046 -39976
28595 68427
22086 -3199
57588 7269
37779 -20918
10340 -39284
49718 -83880
-58275 86530
-40000 47905
-19950 20420
84275 10279
-57025 -676
94730 -11290
62062 -61947
70175 -70818
93112 51847
-76844 14023
17571 62164
-33546 -40745
-92520 -23119
55582 32721
21313 -3831
-52822 41077
-32895 -68211
-41605 96280
-97706 17256
16691 -81708
89705 -82869
62062 9892
88239 -84659
-57301 4784
-36160 -43162
-47924 35517
-37490 37462
-93265 -47489
32352 82009
3214 76069
-5834 -18396
-49515 -23703
-46808 74660
83360 15291
92744 -96298
-30371 -31615
-76766 80631
15013 14436
69392 19809
-71278 19121
93297 -16230
-21559 89140
-69399 -73080
-39236 12230
-79513 50458
84149 40384
71109 19359
-70699 33712
-21895 -23307
-86917 27918
-59691 -16942
-56229 42001
61781 54452
-78262 -38873
66468 72120
58839 -392
3091 -3467
-54301 -15285
58644 -7809
-47985 -54798
-41125 95018
-72303 52499
-65858 -58551
-73158 79623
48022 -60172
-36080 -38571
-93317 -31626
53802 34573
-76827 45482
-4584 65784
-25111 16396
-284 -21214
55591 18169
-76388 -75822
52586 87525
30150 15922
61327 -30458
-62245 -80119
-97209 73397
14280 74581
-72633 -41821
31376 -51737
-46679 -35864
-24387 66182
86361 18737
-3151 -30680
72378 36729
-48215 27093
-58200 24137
-94186 75331
-60469 98673
5543 -70096
-62189 63567
-61797 -55717
-9767 86113
-66484 36748
47715 -57209
94567 43919
31715 44977
-57267 -82710
90012 86226
-66736 48860
56448 -81044
88071 44321
-45629 -62827
43495 77576
-49637 -2857
-82601 282
-39222 86935
69607 -92622
-38160 46551
-25231 -67304
88508 -82234
-69933 -5937
-86269 58005
-37049 -47907
-92506 44766
45333 -12018
-27408 -81869
-24803 -22074
-71792 -26057
-21873 34373
48594 73940
60079 10987
83540 24965
-76853 -82814
77909 -9841
-57051 -35051
67831 -24986
-49135 39262
-55262 91340
51003 -13410
-84824 -62465
-52327 -38089
-88849 -94402
99840 87851
57988 -41626
-72775 -54482
-96956 -23415
65356 22593
-64525 28486
88130 -26529
-38231 -40391
50153 -72254
36908 14584
28296 61850
-1671 39764
-94707 -1995
-49364 87417
-4551 -59641
15408 71703
-80413 31828
-45698 98944
-21584 56293
-79756 58484
-18498 -12071
-36534 -48293
-6386 -13780
73683 -93866
-2814 84552
32878 -85940
-22787 57382
-48429 44628
-79824 -81195
59065 13991
73123 92262
17787 -76835
-58801 87393
-94605 -55826
-15250 -10581
16398 -5811
-6251 -39486
-44183 -51513
7339 88779
12454 44607
35893 33197
86008 93377
-91124 -8397
-81037 -83152
-59652 -88019
5335 44780
43477 34374
-68264 10912
67049 -91966
-33421 76772
14272 -9271
83896 93745
73367 19603
87215 22059
-59866 47073
75837 -95370
-78488 704
-43979 53454
68633 -72870
64574 -28976
-4113 -50632
-62540 78517
-54027 -50275
21454 -59571
-76275 10085
96000 89469
-90762 69155
-69576 -1061
-99797 -28246
38792 98574
70116 91420
70557 1604
-55815 16514
-30285 -51609
6731 24585
90615 40382
44971 -41638
40773 12283
-54633 -25133
34989 -78081
-61345 43020
38502 -45
-94798 2204
82893 -81754
-98093 90834
-53752 38592
62676 78882
-24081 8833
-62986 -83320
-96054 35459
-37405 67509
-66390 99535
-79217 42879
-11143 95718
81097 86498
-13157 63321
81030 -61027
-74351 83562
-81768 11912
-24450 24224
48722 32630
-66163 13435
53540 12992
98474 38112
-51499 -18483
-24790 34021
276 -37895
95530 20570
-2021 -62480
84075 -6646
30272 -75191
-31536 -19958
57948 66671
-91073 -58563
74221 -99126
6832 -13091
81615 -9810
-90546 7206
-49952 2549
59305 13533
-54851 -98200
-4595 40277
-58777 81213
-19720 82511
-75262 -56335
-88134 14205
5051 -39573
61665 -33231
-8348 80817
30576 63114
-97520 -41996
67683 20503
-78110 6328
24065 -78010
-97476 -24743
-5164 54759
4374 27517
-17152 42731
35669 51479
69682 -8134
62147 79676
-19344 48876
-63233 -95870
94840 -84915
-49211 11036
95837 40170
-58049 5285
30204 -11112
-72146 71664
3560 4808
-98566 -49962
-32735 65209
2410 55737
65019 -77171
-5756 -91459
-37871 2060
21279 59945
-82703 79567
49734 48346
-40432 75798
-50829 -97484
-27325 -28729
-22262 96677
95688 41127
25084 74165
-94928 87105
31060 -61072
-89495 -50396
-81074 80168
-93233 90523
-88577 8193
18767 -57229
86716 -79734
28627 -24767
-13962 -25455
-50078 -94285
28561 -57533
-84910 45178
97135 -24135
-27671 38872
-27676 -62546
40428 31004
-3900 72250
81187 -23548
-74714 86342
95539 70678
-31906 63311
71009 -44361
78790 36905
-14256 -33257
-38401 4004
-11295 93281
-46505 4913
98096 51464
91857 41711
-44635 91940
-81306 80932
21467 54084
57373 -10959
54239 88335
20804 10616
-79862 59606
49091 -59349
-20653 66055
15764 -26389
20305 -61625
-500 94395
72387 19145
29608 -64157
-47380 46770
-62393 -63022
72688 3902
10358 -11288
-10753 -32824
41892 -2065
-62422 -88310
97262 60418
19035 -58976
86113 58096
15831 -61267
-88881 914
92631 80590
-11597 88368
-36894 -34383
64550 1219
56001 -14195
46052 75446
-7748 35667
-28349 95554
-84586 -98847
63312 18636
-29075 85707
67089 -76166
-69119 -84650
91188 -68278
-43040 31328
-93891 -70280
-16127 90540
-44663 46681
-74238 -74054
-34920 58693
-75909 42520
73002 19343
-92836 9013
-33346 4528
67847 -72163
57104 77666
74340 -8458
-41579 10475
-52489 -24855
-37392 -22832
-20512 -93832
3867 -72326
-92534 -50929
94325 -73504
-11446 22615
17713 -55901
83991 -995
4844 -74234
-75540 -40556
-78390 16343
81379 -43723
9779 69504
-47364 -41954
-46071 -16516
-71049 -32313
-16761 -37482
-58551 -88475
22738 53721
7900 966
-60379 -39525
-47242 94934
11426 14428
-10419 24672
37731 -12789
-77494 51912
-18779 -55686
16432 51501
-89761 37952
-58099 50975
-6495 71007
-68333 74874
-18423 -8714
44409 91244
-52682 -49182
-32067 -5374
-19372 -9802
26704 42460
-57888 -2342
-37925 97116
85589 -9594
-23936 31482
81183 -40994
46669 -71095
-24517 85760
-51349 -58420
-7880 -89527
-83590 75772
70236 -28753
-80661 -46852
26619 -50642
-54385 75586
-29652 -15749
-19321 -90338
-70947 -77213
31310 32274
76505 4448
20871 -28917
60611 43240
88119 -32432
-38648 16764
-62361 -72571
96897 98934
74773 -3022
-93955 -50096
77557 79261
-13343 -99807
-90095 -88996
86522 5593
92644 -79582
-22870 -62911
-83659 -37114
97255 -94396
10782 36508
43306 -80288
-45339 -17027
1416 10096
-79702 -36150
-73303 -85224
-53150 -33073
-77902 61076
-82648 -99049
-65146 -18782
-32467 -82949
-46789 -64696
842 42546
-20619 -54648
-54125 46303
29611 -67758
-86379 -92841
90489 -86418
-66123 -86451
-46105 -79481
57314 21464
-95660 42616
28029 -96797
-59395 48554
-81084 -86875
61591 -89069
-58676 -71577
-34846 -23519
-36732 -16970
40457 -58808
-65785 -93092
81309 -7119
37764 -73846
21577 -6727
-83080 91476
-4491 -26949
-19612 -44387
-12138 82914
-85853 24659
-60134 -96901
-83328 19495
85349 -1987
37365 -31610
18460 -94375
-155 88798
-5382 23839
60962 52558
-9303 10004
81973 69014
-94197 10555
-52391 -6479
50018 -42342
-93890 64097
13681 4183
98070 -47283
-61764 53649
41511 -14702
-58427 -57697
-17573 24363
-84364 -23155
98694 35817
-25121 -32762
-14203 73914
-65102 62972
9942 45921
52260 -70756
-78362 -67965
16437 61943
10728 -25504
59589 -634
1212 13105
-39093 21816
25772 -63181
-77349 53700
87446 44950
-61935 -8728
16201 -92895
54902 -76758
-39402 448
-80454 43691
-9852 -99122
-45862 -65281
-53647 -67618
64680 31323
77947 -65290
71439 -90959
45998 -42336
-20050 -89652
-44361 -59112
-99387 7949
51269 34663
975 -53095
16480 67934
-46251 86324
-5327 -89474
15755 69912
43752 87736
-4675 17739
-39475 4516
34931 46055
-87542 85256
73013 10187
32350 79551
-41753 12162
13358 34591
79969 15869
50830 -25072
-15192 -74019
-830 74599
26375 -51363
62019 22328
62878 -98125
-9493 -89442
-2617 -60581
-96780 26015
-52771 5792
27660 -23348
48238 -43338
63855 -20114
96502 -31448
39141 -71634
-15965 -43200
-22474 41266
69326 -48577
1111 66967
-52486 98636
-46207 77659
-40155 -4957
-97716 -94499
-12221 69379
-44247 -59794
84623 71089
-89731 -96904
58622 43169
72672 48788
-62741 55699
-4043 -56579
-93094 -47638
-96080 27548
41577 96309
-4043 29978
16063 42903
46159 -47276
36735 7445
-89978 89062
311 -58748
-49806 -17154
69809 -78826
94160 -96303
-91342 -25805
86077 85061
-93723 57271
-37244 -69272
-27725 85635
32559 -21793
9776 -89697
-20450 26694
-77333 -5820
-12906 -15502
-69585 50904
-61448 6612
85053 -12527
-67541 -89506
-13835 -86356
-29659 57490
-54566 -33762
-58619 -38591
-68767 -86240
-62869 -74704
19709 -20736
66070 -81538
-42498 -39245
60741 4073
20738 -23108
82700 39244
-20787 74630
37355 -24673
-69130 -51070
74343 14696
-86502 -2736
-8080 83409
11842 -3074
60286 42026
-28779 79641
74773 -21931
95290 14717
99426 -68358
29590 34603
33849 -16531
53036 46871
-50991 88389
-92046 -2348
7558 -2595
-92622 -93132
-58226 -37025
53253 -49488
25118 49256
-21820 -15846
6016 -35478
304 73232
77306 -25454
45674 -16845
-55742 76659
10992 -48563
-28423 -84143
