500 312 188669
35895 9582
-46402 -80812
63188 -46681
66791 19891
78876 -88358
-36457 -13482
57495 86447
82249 4525
-11193 43552
-83278 -87539
-66027 -69259
41667 10153
-68535 -42257
68349 -35877
89904 -89050
-3372 -24962
48611 7497
10331 10768
79881 -80760
94520 17320
49162 -75730
-83510 98687
89314 -80921
28135 -3020
-1079 -35490
76183 13442
-66888 49700
10898 -95770
16738 -65715
73597 41091
-70030 -62810
90004 57506
-4725 5503
-6491 -16953
76884 76032
-687 28298
-79649 23941
83402 -1423
79290 89179
71674 70015
31948 -22179
-27989 -9586
39377 -37777
71245 -3849
-62253 9464
-50364 86517
33776 -52209
40584 17318
-14793 -37857
-44506 -77306
30100 36066
-69836 56193
-37778 -20376
-31446 -67750
-38698 78662
-39913 -95130
-87621 87077
6591 -21502
-83467 68994
38664 83810
-50600 -17124
-50025 -94642
39436 -28852
-63162 -23570
40034 79230
-34283 62682
35872 29003
-47514 24334
10530 -54998
57220 92752
-96569 84377
72690 1238
83241 93693
10910 -28998
-67660 -57558
-10939 -58747
-19130 32102
-38951 -34277
60420 -86454
-3393 -30327
19263 4704
-46291 -62804
-83407 73703
59621 52496
-83686 61340
43620 -8839
-60318 -85545
-89845 89928
-2227 67478
76633 -87110
-15063 11365
61266 -78416
13966 -64809
79937 90409
-8818 -29430
-90275 138
-27931 -86713
-5104 9517
86433 23435
93611 -53651
46008 -17112
-67944 41680
-31616 31035
-38719 93194
92050 54301
-84208 -88374
-79395 -57695
-2258 -4916
-83760 -44071
-8143 19142
71494 -73569
-38233 77
3356 -75815
-84567 16281
53992 57775
9526 91733
52538 9528
-15434 40446
-33310 82047
-498 -10791
980 -59664
1698 24564
22921 17119
-25510 -51009
96185 -15413
9188 69238
-78677 -70334
80705 -54746
-12730 8459
-22085 -71654
33495 -76852
-9154 -39537
64770 -90170
-48382 78278
-28566 -86037
3914 -9565
-47065 -48193
74760 -65575
97818 5386
-94614 16425
-37112 7542
7159 76937
41804 -40749
-13483 -37385
94728 1682
-52778 -6989
53335 -2121
-25112 98370
-81759 -64729
-42165 -56969
58308 40954
39270 90341
82861 -5779
-90245 68272
80807 -97226
85193 92986
-20948 -42161
-42201 -40256
45911 -30247
-2803 52014
50348 25082
42976 2274
99128 20144
-12843 -78039
92789 72971
68338 -13099
-30573 27360
-68098 -78518
-72674 -49670
-15966 -52090
-22676 -92766
-96341 -92332
34161 -29048
91074 -91406
38718 -25695
89379 77656
-70040 -22419
39853 35787
-2003 -6980
-90366 2587
96168 -72569
-4469 37463
39947 38884
69360 -61589
87793 -95641
-92471 78414
36695 -54854
14205 68776
-19250 94932
-83103 64441
49469 25723
-21574 -46068
88196 -90549
19796 76529
-65582 2417
-80436 12038
5891 -66522
46191 -1395
62108 28730
-34633 44349
-81780 70383
-18268 33031
84298 55008
-9208 -64914
-72827 42646
-74513 -72311
44698 -39968
-80605 39044
62583 -66223
33231 96787
-45692 -1545
47483 -69007
95105 -49708
12458 -83698
82097 38682
-74689 -29045
-25077 -64443
-60695 77614
-88640 79758
-69646 83008
84948 -69038
45736 75111
64864 -52557
88612 6481
-11396 -85080
-28030 59871
91129 11540
69922 73798
9857 -63348
36342 47427
-60895 -35917
-33804 -4769
25351 94345
90507 -41585
-77907 95405
-49029 -50613
-40945 -62088
-42411 57024
-61782 -2120
-85834 -77768
57230 -41380
9239 -9184
82897 74242
95356 63347
-49546 -65053
30899 83861
76516 37846
-17045 -65641
-54317 99792
-99443 -86177
-43344 39909
-49000 -44041
-99104 32236
-40495 1256
82599 -97421
-22755 72158
-22521 46264
-61813 86141
38608 -83117
16338 54322
24310 45629
32728 89743
-29683 -13128
12246 -28110
15653 76240
80274 -31543
38558 -58361
26395 -56931
-97455 3381
77267 -29450
-16013 19097
32608 -79718
36660 -47444
5871 16318
84020 -43061
46152 -717
-67325 22729
-82991 -52370
-96220 26138
-3304 -43693
29087 -56432
67596 -78193
-10850 -40206
92409 10560
-38562 98071
44616 -61960
84604 -54891
12613 -6417
-45890 -91233
-55277 -36032
-40565 -91929
-12245 -3324
-83475 34382
-65895 33808
-29887 -52892
-69257 82447
-61608 -16057
-38044 82273
-19778 -59523
-94559 74265
-32402 15581
90719 -14977
-98596 -57521
59427 78767
-40203 36273
-80652 -23072
24401 -35927
92329 -90935
74586 63668
-43092 -62626
28572 59790
-66338 92177
-97353 34780
63503 -20996
-51630 -20830
98221 -84458
-93373 -56746
37735 40002
44720 8324
63394 43761
-87793 78132
8443 -61617
-4633 -46653
35264 62321
-87871 35304
13578 -12683
63725 -31609
25514 -65419
55524 -65979
31491 54327
-50509 -6118
-655 -57460
79657 72044
76636 71046
5164 -8519
61970 87939
71413 25422
55413 37684
-54026 53698
-43627 51829
67959 35763
65210 -42978
73867 13851
-52557 45472
-13280 68614
-74816 27039
86232 -20325
33782 -94948
-38059 -65547
24936 95231
10622 -78977
-41227 38975
60499 89407
-9878 79461
-16394 -98400
28389 -20164
-15076 14635
93872 27654
-35177 -17064
45667 -60632
12670 -98808
-32785 56422
28995 -74268
-172 -83212
33431 88832
-42240 -28323
43087 58178
62683 -71221
-1738 61101
-74942 -15895
-64814 71522
63597 26722
-14296 -1770
-19546 93127
-68206 -57
-91920 81927
-27411 -37759
87436 -54399
41705 -98842
79078 45599
35057 -46756
27323 95739
-35040 -74851
-54745 16406
-13833 -51638
34042 -12925
-27596 74032
75498 1570
43903 31685
48801 52081
-23913 63813
-4045 -11682
-67576 -34302
-98187 -93419
8674 -49510
-33636 93305
52376 -77144
98136 -43194
75956 -88108
-37472 -58233
-57606 73835
-23673 42950
-87774 -56237
-66922 -61553
-22501 63687
-63342 -77017
94232 34900
-56510 76603
-93805 2405
89330 -85191
-71056 -89148
41273 -93371
84725 -67140
-73514 -94529
87146 -73478
58939 82745
-44465 64026
-59757 13546
-32802 62922
3325 -17358
30948 -13196
-37459 35
69172 -45419
35722 88686
9688 -97946
91204 -79525
-93516 -20541
35867 52023
91399 -18910
69187 37267
-7036 -28034
-17044 -61769
48550 -72455
25805 52547
-35251 10095
-41647 10453
5272 -93814
-58357 40050
-20657 64627
-51389 28187
65060 21399
56968 54464
-73136 1928
-91015 97925
38231 -90301
19902 -59107
-52866 -45877
-46460 -61819
-99763 38097
-10780 -5042
-13743 -11775
94451 -15453
49626 42096
27298 -83796
-31436 -66873
-36733 -60992
57910 -91692
-33179 -45707
-98564 -73142
56331 -52630
-91116 -74161
75213 -90657
81633 27919
94166 50251
98893 89586
-27530 68082
-58005 -51936
-56709 -70673
71182 -49372
-15181 -85407
95380 78469
34301 75099
66704 -63041
82919 -52061
-43705 2679
-98591 -80688
13968 52053
70308 556
35416 97667
55242 -12082
86339 15973
76158 14160
44558 -20043
33725 36755
94475 -72574
77973 38863
72280 25606
-92884 -97921
85558 -60812
-90538 -12014
2872 -39973
-10557 35253
-16611 -52029
23397 30645
-83450 72411
79978 -34227
-58272 -48242
46064 26374
47750 53921
83547 -98148
