1000 507 39740
56873 -89313
-62260 -79013
-88063 76844
-74636 -95580
51670 -78351
-99839 48633
-32098 -60784
-66600 51170
-23635 -73067
-35139 33004
62700 -58945
-18813 -34480
99198 83738
-71532 -15441
81986 47985
-52746 32830
68504 93933
82263 70351
-27694 -52943
91341 42458
-89161 -40771
20710 56717
-53082 91838
65776 -59373
-66608 -23484
-31216 -77003
-64114 24220
9886 52545
-20892 -3231
61143 -83204
-92729 -64463
-39939 64758
-82446 52822
935 53681
-57161 -82916
80637 -83231
67751 -13948
-58339 -880
18759 93671
60646 -87777
25726 12267
15858 24950
-21755 72599
-80218 34071
-53160 -85398
-83093 -14219
-83339 -52494
36200 37591
22482 17396
86998 -87299
-67738 -82385
82948 -25848
12854 -50343
6223 -6963
67375 72134
-60126 -42900
49847 65252
-27275 -61404
-21611 -832
-46649 -19490
36996 97022
-58361 -13753
38595 7705
-27327 -97538
-14546 63654
61362 -31216
-6075 42391
20123 40769
-94322 97607
-46112 23822
92433 8417
27431 -18269
-78547 17051
72903 -17781
-96913 -40464
23594 34563
90435 -11659
-26068 32448
81064 65762
-96406 86837
-22138 -1494
-39311 39432
68573 -72634
58732 31098
64011 -55569
19737 -48860
-1210 -45549
-93800 -4771
69348 -10033
83213 -18833
37654 -68409
55294 63137
-78041 -82745
17365 32136
14900 -99737
61651 -98093
18966 -85148
80893 3526
-62976 58265
-20796 -75594
26760 63426
91529 78392
42959 7147
31242 -76222
-56211 -92810
36242 18860
82327 -98586
96425 68056
30634 51043
-50115 -45583
3649 33435
-84911 82241
-64889 24878
-68536 69391
-80786 23363
-9661 -92689
80001 -74637
-4014 26221
98407 -96656
-71215 2568
58357 40421
-43634 -99437
-78980 -55479
-24719 39057
-35663 50133
75685 -22085
-13552 83110
62916 53017
51570 -25357
27862 47010
18854 -63362
-56177 -20725
5567 -52368
-3044 -44983
-30723 22800
24620 -47185
66369 13602
67472 -11752
60889 -1123
48515 -87629
-27140 -6668
-51549 51711
-5417 32624
28277 46470
78396 40915
40574 -15083
27033 91535
-52829 -32543
-16717 70242
94151 -9483
65621 16076
-43082 -21204
400 95148
-13070 42052
-90388 82569
-36937 22405
-93864 82492
-57596 -1002
73341 66253
-53852 -74646
46448 71534
-39720 -46860
-67196 10460
63819 42641
55242 65383
-62024 97994
-95590 -48555
87246 41445
39273 -87322
35303 -94703
93753 -22610
98544 73755
49667 10835
11735 -22204
-83015 -56803
98509 -36053
25922 -87126
-3082 -3859
64178 -1635
12567 -50954
-10554 31565
15988 -65161
-36064 -16035
49349 15212
-14939 -76440
-15760 -34433
30147 -16228
-73707 37693
-74814 42267
69398 -60828
-31161 89770
66773 -44204
61822 -40875
86758 3387
28635 -18856
-30946 -75144
-4614 43666
46648 98607
-11865 -57480
64521 27518
35399 87719
-87955 63119
23176 79302
-23046 10348
37765 65294
-84630 -63733
-90654 -16461
81553 -75506
-58925 15015
30132 95792
16787 56933
-62955 -2707
-83193 13355
1214 -87048
-73482 97109
-53392 26982
49203 -92357
-12492 72944
-18861 -47093
-66092 29604
-34090 -58965
-37452 -5179
-10826 -98124
-54317 -59648
20028 -32243
18386 40070
-21633 -79582
-44184 -14386
-69048 42654
-72996 91374
-23067 4344
-55215 -9228
65454 -54128
46446 -32376
73512 -33599
83370 -65450
-95250 -6748
52559 23496
48852 -25562
-3108 25158
10299 -12489
-89517 -27333
72458 -97294
27065 11187
49116 -18116
-81633 -35623
-92297 78419
12487 -71969
65767 -88555
54 -932
15911 64273
91125 -52711
-13194 -63262
53392 -24410
-69152 -54328
16691 -49857
37222 63161
30990 70915
-22199 75654
-37607 -80137
-65578 -69345
-60808 9728
-40086 -55073
-35701 -34098
48194 64162
-51817 -49382
33554 -2841
-74208 49187
34806 -27087
-38863 -85499
53829 48167
85963 13999
-83773 49624
-4027 -76109
77698 -65128
-21206 -30465
42697 83649
1460 88128
39050 5186
91 -9667
-27436 -69181
58108 79134
-39834 -86550
62200 -41977
514 -32086
-71695 82171
-31843 -54247
16503 14943
38991 24141
38827 -79576
-55916 -93620
-20627 -11301
-115 -93971
-11294 1102
-42544 -16476
82844 46233
-10009 97201
60484 92192
-85587 -58337
49325 -93230
24601 46968
-31560 -47110
-35698 -48281
42421 -35207
-38602 -76231
-25233 13519
55943 90755
-57406 -16924
-3413 -48614
-23395 79163
-8688 454
39630 -49166
-59187 -64175
-83012 29414
90783 -20736
-26969 79761
-82677 -6281
79356 -59077
-32623 17857
-92973 -80346
47536 -26985
67048 64292
64393 73425
-16982 23551
50116 51014
-72639 -18027
80382 -51819
-5126 10776
30673 -65919
-86146 16352
-6868 3880
14655 -96002
55390 -76700
-49075 -38621
-2370 -44388
-86276 -65601
35416 40717
-13534 -46283
-86612 -31850
91593 -77795
-51174 45504
50309 -63599
-98550 71308
-47398 -74190
43278 23590
59033 -92652
-72801 51845
68554 93897
-87282 77828
49183 -51234
-85645 16379
-79208 -10722
-77163 1860
69219 -36024
68985 75337
-45555 -1335
-25238 -85784
-46853 25182
-27013 -51499
-51185 91862
-42149 -79226
-14478 -42385
-33286 98143
43838 4331
7420 21308
-45949 -50836
-93982 -99314
-30173 14439
2418 -66977
14257 97815
-19359 48537
-62362 -48890
52348 -84069
-5184 75571
3920 -31559
63561 -11938
22595 85641
-21009 -73298
-86497 -43603
2909 -24825
30830 71369
-30665 -42512
-2827 34168
-20330 -40581
-1579 84746
-7148 800
-95868 -6843
-83177 57332
-2600 17386
9330 46371
67020 -72522
-21486 -54041
4614 88638
-33247 -93185
13554 25351
57786 -76718
-46103 33352
-484 26292
-66796 -11147
66028 85043
-92193 -29560
-73089 32276
80557 -7118
5591 -82339
-77776 -21538
43275 14237
-25478 53251
-6852 -48421
21508 460
-68263 -24874
35779 72013
-26263 -29179
92694 -54600
-99412 11797
-51080 76509
-18730 41578
-11746 -8745
-70357 -98020
80098 89437
-8328 96427
-33001 39623
-29670 90964
-23099 -81792
23616 27034
-42605 1770
62912 -46209
-82882 38493
41291 -8733
-23125 82210
69891 -59272
41520 14482
-25909 -60072
40512 74246
-94252 39325
-41731 -50859
-26099 65857
92429 -18148
-67940 76396
27643 20030
-78815 -41562
37543 47467
53586 -38712
-96705 -86737
5136 -93065
45413 -37930
-63333 -38171
50123 14902
43337 -97821
18762 -57732
-92798 25918
41784 31312
21514 -99084
-12734 88907
-51822 -24886
-55175 87179
35612 17575
78985 7309
-18623 -25006
-60189 51213
10680 68085
87071 -17591
87482 -47331
60367 73721
56719 90823
60181 -17027
43665 -79145
39724 32555
97482 -72218
-53000 2152
-75141 78102
-1231 -61643
-48033 -88445
33354 73473
46345 27510
19549 12129
18723 -90970
88484 -81151
-63548 61081
98942 58526
-16227 72764
-77965 18461
-51808 89995
76048 -6794
-33114 88434
-39908 77847
-41611 -62588
37036 37473
-22315 88410
-204 -65898
-41015 -69697
-40330 43042
40289 7848
-51421 -3219
-29630 -38328
78056 84522
-90271 41175
96844 51840
-84886 35197
-42818 82164
41604 -31594
40006 -43183
-11104 -5898
49643 94321
-63123 83372
-83385 -31116
-84328 -18591
-96425 -71990
-42036 -27263
-45846 -61680
-70057 -9497
-25662 7298
16522 71103
-61065 -66395
-12929 6394
-4913 -10842
-69942 85769
-94343 99449
-83452 -51016
7686 -77647
13543 -11018
80271 35051
97384 -36610
93585 -27829
-15220 66260
-58105 79843
74973 17991
-69157 4976
-46609 -42693
16680 -38968
-53425 75533
39481 73025
-52994 86424
-3845 31489
-36842 88501
89862 13012
-74984 -238
-17792 -28668
88511 -47433
-85501 -49648
25584 46216
36444 45298
-82653 -46124
28662 -70743
-18766 70966
-99209 11525
-21196 80340
-68953 -33621
-70365 -61634
-8473 -24209
64473 20116
93285 81542
-88332 -8947
-23018 -46040
-56742 97799
38726 -97108
87735 57703
-30180 196
-6731 -28553
7642 -30970
-54328 74115
20819 19066
62943 -50316
-20229 11392
22059 45354
-35954 4182
14854 71188
98218 97594
84257 -40199
-58871 -94802
53552 97651
22160 2309
37737 -50605
-60089 3129
25696 -10910
44270 62036
-67609 -55069
-11681 -74496
-8315 15095
20278 44861
75099 -28811
-1195 -10852
-87199 -27862
35729 -1056
-37263 -79725
-10703 -8685
-15635 -46919
94949 -51613
-4478 -91069
12276 8937
21230 10412
54809 89631
-11634 -15978
-95892 -36500
48788 37768
25631 -21136
90671 -1737
-14219 -2104
58767 63617
50969 56413
25616 -54692
-31305 7828
77056 -25605
4677 905
-6004 5942
94269 81489
-69468 61713
69676 43078
9300 88941
25500 14193
72460 -13305
81032 -45632
4399 55553
-71226 98960
95609 -9534
-91300 96764
-42224 -50105
96633 -63600
-92123 -72501
11899 -58489
-16360 61625
-40146 -24468
-56787 -17920
-34685 47671
-4109 -21089
-41161 65027
-42562 70031
82885 -76768
29799 -85711
5078 34313
-51270 82588
78313 41704
94985 -27108
-84764 78233
-83100 17487
96316 -60604
-5456 -41083
-1556 94705
-2614 -57985
-45880 -17343
-58969 -14884
16517 41828
14347 -3128
-79941 -50872
-29816 11127
-55859 11451
85783 -88731
-58180 -33398
-15767 -99771
63729 -63295
88942 5017
67071 78568
7182 -6368
56922 -36573
-73948 51774
11153 1449
-22342 -60245
16252 -70278
370 -86545
40662 -99751
-76368 -14873
6173 1360
-17475 5642
66223 85803
94179 41565
19452 32499
-96827 -40625
-27901 60036
4179 -66350
90308 73905
-87056 -58435
-20463 66957
-17315 -81615
13584 96585
-41757 -92552
-98694 7354
10316 80890
-22965 -45026
-72476 42541
-44551 16296
-38747 48233
-75999 -72115
-53579 15105
-63759 -39101
-1716 -34680
-52349 68723
-40574 79308
61796 -41579
-9819 24956
-46399 -95445
36005 -6667
87973 -87622
-85447 28448
-92999 -99636
-46464 -24136
-58802 -98961
-97732 -44812
81066 61462
-92269 98458
-36630 -7777
-9778 -56079
-93894 -98260
-59874 42042
92511 35075
86765 -22559
-80102 73508
4398 -55416
-7403 -1722
-7620 -1750
-22350 -52623
-4326 49557
-66789 27231
-61526 43196
71105 -2342
-84849 -78570
65941 -27516
72524 -63039
-65017 -51860
-68966 -40940
40674 -59027
-64129 -9910
3220 50422
-24998 15864
79491 -40029
-29796 -11793
34128 72104
66736 59847
41740 -77135
-95418 -95642
-49790 -75741
-11101 26627
74512 75488
69646 -9754
-90037 55178
80147 11328
59301 -82688
-97767 31973
72523 -73012
77030 -86664
-42853 44983
-94579 -71384
-26918 68404
93084 -58729
33913 17527
-99179 19089
-67957 22128
-81445 11170
31018 44591
-77748 95724
66377 12079
-71183 -86807
-38997 -5290
-56821 -69863
-49173 -2834
72390 -80459
76595 81088
-75773 -71753
-49750 -15593
48022 26748
57867 -48752
60466 45153
-71786 8079
-92996 56813
93945 -6338
40183 86144
20163 -53173
86998 -68747
-41331 -18107
-12207 -7322
63062 17007
-3025 -19782
-95918 83829
20738 -27150
-80527 72728
-48388 12411
30505 67060
85515 -39831
-64374 -22124
-11562 50610
13387 84205
-46561 -43526
527 29056
56800 -56864
-15953 57232
-31567 -47057
73763 -63417
-25738 15058
-4662 -36985
-56899 46142
-38181 -96155
22896 -9938
22082 64082
-40299 -54792
-83576 -96280
-99296 76718
-50070 63120
713 -30531
76277 -69967
-71831 -63643
49503 -86736
13060 30315
-66865 83007
-93537 64636
21338 87736
-19671 -16374
-20263 19573
-99577 79673
-98751 64320
-92323 -80573
-85144 42561
10654 -52939
-22987 38001
-28396 -20780
-26861 25889
93447 49461
7943 -21408
17643 84122
30905 -21801
-53524 90736
-32345 -51850
-65068 -89540
75042 15639
-52319 -13521
26767 -8039
-9743 98042
50567 -81927
-75549 -72104
-62553 74772
-3970 47810
-19079 74227
68948 45406
19162 94237
-81151 -56279
99979 57226
56151 88035
-23248 73533
-83072 -50227
-85190 -14653
97922 -1428
-76719 -74687
53701 -34989
90587 13039
75878 -80618
7884 38441
94403 52626
-25143 55988
24805 7377
49469 7315
-44836 -1848
-48660 -480
-55589 91681
43996 -44239
-49629 -92424
36128 -24216
-46348 91575
12952 -53487
30576 -11742
63372 10274
-73804 45805
55286 -63540
62479 -9799
70120 -93314
54553 -10100
2061 92214
32599 60265
29786 25340
93410 58017
59548 26772
-3560 -13809
-14737 -34356
44230 51533
-52319 -96172
55175 -3725
-21196 68126
-48941 28916
7480 25718
7895 83370
44159 -94865
-73026 -93292
85441 -48057
5854 -56907
-7063 -44740
-42924 -34085
95810 -58649
-47697 78037
17274 40722
-26939 50634
41965 86544
37745 -58315
-59657 -9046
887 73959
-32308 90027
31372 -38321
-77781 -24351
35486 -79931
-85705 -56207
-99449 -40393
26621 57805
1501 -60048
-90782 8379
53909 -31204
-81562 2163
36447 -39734
65581 -40200
81993 68968
67965 -90481
17935 60050
-74663 -25428
89158 49396
-46429 -50509
4073 -93669
-59374 12771
51657 76116
1980 67220
-39767 -32887
25103 -87981
25957 51702
-46424 95747
-91675 1030
90960 -21759
6306 39142
58301 7014
40798 82163
-20142 -10861
-3596 -49815
76543 54757
11824 -45762
64950 -50520
80470 88339
7700 9280
27318 58919
-34703 92065
27113 -87528
62544 -50885
-20789 -35810
26544 -45610
57931 97463
-71002 3938
-42479 -98208
-9992 82371
-39036 -2548
12216 -66875
41342 -95269
-99912 -30441
-82906 53562
24852 30827
73951 51015
3192 73949
-20518 -71314
73594 -81082
7074 38186
90024 50424
-64773 14458
-86400 -10430
-32501 42737
-48328 -10718
91040 23264
-21877 -42819
83831 12291
78127 -90394
813 64301
-66208 -29911
51258 21081
13642 -71371
-77329 -98352
-20320 -94754
35108 -67513
23341 -55031
-58523 61571
-89500 -17059
-55523 2445
40258 -19465
-96662 -88505
53742 -60010
16934 -49305
53349 60559
11773 58046
-23350 -14217
-36302 87264
-11559 87875
3212 17963
-92041 68821
66684 -82784
5865 -5479
-39401 67565
2105 -38723
45847 74754
44198 -56256
-67805 44703
92758 -66462
-81798 -97840
-89676 41122
-20524 -61313
-20612 -8943
25895 91754
54594 69388
-93238 -85293
49641 49386
-35247 35500
20653 -14015
-34202 75621
