1000 251 809133
94428 -21229
31695 71584
49583 -87699
52242 20162
12433 11732
60765 35080
36134 -87467
-57402 16477
-31727 -13454
-89925 58704
-37930 -91594
12600 -1886
-55969 -95529
4371 -7314
12794 17213
-31202 -40877
27667 -99456
-36719 74317
-65398 -23222
66115 -50116
-36748 62506
-98689 709
-93779 -5215
-78688 3027
-76852 43396
-25925 -18549
-89908 69389
37449 -36519
62101 77769
73395 48648
-29349 -5106
-675 -91699
-76024 -81086
28964 -85719
80866 18932
61845 48739
-988 90862
33500 4844
15288 38571
-14357 -37449
47522 -16132
18681 87566
56848 57762
-86881 -88971
-7346 -56772
63171 -15228
44226 -65232
-76060 57913
24351 -93173
15624 -99751
-82835 88381
90082 -73688
13165 71104
-2218 5041
-631 84685
26260 -7552
77505 -44475
-29726 6493
-87971 -88566
-39782 -10001
66690 -86496
-82775 67647
70081 1047
3992 -77103
8789 22749
87929 35853
-41291 42096
79509 -44223
59089 65295
49925 -4320
-64143 -57450
93684 77442
87264 17182
-87843 -55723
66519 9100
60622 91922
3621 59710
30856 -35290
94509 -23724
-52014 -58928
-27331 -1828
8868 -80764
-52917 -55329
-1359 10787
-44106 69830
98576 -38374
-71404 1969
75337 8347
57289 -78129
10283 -76957
-76481 -63014
-82854 67081
99486 47103
2112 -79938
41028 60016
-21873 19430
9035 15120
87259 68749
14692 59296
-51391 -74634
11398 -26078
-28787 -90314
41317 -62111
-23338 -73142
-7705 94343
-71133 -33262
-28012 -46472
21286 77322
68828 -65430
-8246 72788
-45294 -76229
-49577 67077
70579 37697
571 -25366
-48841 71236
-55154 47330
-85478 51953
-38634 -39597
53281 15622
28581 79852
-5555 -41503
-35031 -86355
-57880 38826
19875 -74990
67631 46782
44744 -13556
13983 -55148
-21501 65407
-59728 -85443
23766 35473
-20645 26393
23044 -44663
-91544 6305
-17084 -30992
-47062 15490
-88450 -87520
-79444 -25461
-58113 -20754
40560 25510
-88889 73363
-93032 -37024
-23312 36325
80771 93438
18243 87229
-54033 17560
51035 -24842
32399 -98401
96553 66025
-24761 48717
-74659 -97324
74527 -9501
-68191 -43070
99687 -57232
37947 63531
-35852 -97676
-99542 81811
-15683 2058
21130 35899
-17968 -68445
74697 91219
-94596 -20606
-15078 60109
-43549 79169
-98560 -1671
10463 -37314
-396 -9255
6336 61219
-56829 -10157
-68223 86756
23081 64962
-11303 -47733
-26553 27198
56675 -63506
71749 -50195
-18144 3045
-25153 -73449
-26311 -45984
-44842 69427
-70556 -62457
-57824 72163
52602 -58158
13741 5854
-28452 -46750
-42335 -30740
37227 41299
-72416 76395
-7494 31675
47174 28854
53055 -88576
-12365 -5822
-87162 64107
5227 16031
98607 56726
80705 46083
64108 -75425
-40004 60146
-7922 3041
-27511 39719
88022 -26851
53000 19409
17687 72245
-77412 -98296
16893 -34990
70524 15513
96562 -64563
-84703 97046
10486 -97410
49342 56848
-92943 69895
-85630 42841
90839 -41237
-89425 97517
82771 48293
14582 77811
98143 -17029
57797 -57379
27663 -81849
62423 -2352
1622 63345
35932 62838
-5234 -81593
-51165 30466
13824 -48564
74442 -34460
-71522 49875
-45987 65795
-10648 -46829
-5647 227
26438 -70123
-17557 -44773
-84857 -4129
36580 -32132
1803 -63856
58245 -59457
-85943 -44650
57451 6210
22924 7566
-46218 23971
35846 66707
-95587 29871
-1539 -26464
90780 -81267
96783 -94250
76347 -15832
-72352 -53501
-54147 93869
49017 99421
24511 78170
-99247 -11963
51632 -66654
-78762 43846
5794 -53100
91804 34100
10771 -38460
16504 27597
74678 -54115
70928 -3746
-34143 32362
-82051 -83078
-477 28936
83105 -36199
52778 43945
-7309 95803
29625 -82522
73277 -64988
22483 79015
-97164 73616
62231 50404
42870 -32000
-4299 90441
-49948 -31965
-11638 -96337
83280 11809
-31249 -37221
79748 -75780
14234 1742
18965 69683
-47238 -77370
71387 10718
72086 91893
14271 -94388
22007 34315
18864 57595
95518 -21465
-31593 27109
92026 9951
-39767 -77942
-8337 -56709
65406 17959
20594 57698
22541 -57482
18289 27475
57817 -53278
-95164 -55931
76270 68833
14336 87521
11101 22890
9841 -24263
-94029 49031
46799 3074
-20932 28314
-68368 -98685
-6161 30177
93206 97573
-66053 45329
64400 8078
-98871 -27829
2560 68207
10606 42421
75811 33644
46049 -44172
61154 29161
-99699 -35224
-42360 -55918
-65575 -95692
52720 87932
76773 2879
11810 -48933
26660 -53849
29243 57925
-74939 88914
-78069 -83152
-85518 -93986
-54122 -87314
57557 -9093
52126 51017
-53827 48788
16918 -16762
-47560 89476
-14373 -35082
-76259 74696
-11795 -74043
45567 8669
-96944 -29590
72437 37839
-59370 -89291
81374 -3891
12324 -47393
-15478 -51979
-13813 -87024
31096 74225
97693 47142
67467 60686
21024 50994
57255 56649
59325 30471
-46100 -4671
-43811 5433
-79814 68079
37792 -1982
-43569 97597
97612 51359
70384 -56499
-55514 -55498
-9261 -92636
83535 -90337
-90914 -64200
-76835 35613
-43944 -74030
75933 31851
9251 -12646
59326 -14947
81723 93520
44691 -79916
88812 -98263
-8898 -29933
40371 10158
51221 39926
41683 6267
-12184 -41673
-62040 -61372
-44990 -3181
-18597 -89003
-20681 -56622
45233 78319
19100 73322
75001 -8799
52153 87536
58883 27811
-56651 -65729
-81565 -47245
18135 -93295
86440 75335
53288 99050
23769 16828
-56293 74026
19469 7034
-26325 28706
-21206 -93249
-20754 -10577
-41610 43086
8900 23019
-57173 -62000
49421 -1558
-693 74810
-70195 54041
84420 -8034
-35201 -95729
69658 48098
-46557 -25129
-32315 -70084
-16667 -88548
-10770 93133
61230 -18226
36065 -77886
71967 -51924
81896 -51584
-64195 -86760
-75227 8240
-26822 -4658
-28018 42078
67741 89448
-38895 -1977
15476 -59377
-78979 9798
75144 -66900
-53754 -47518
-14485 -6008
-69247 -89707
83912 20829
24413 -99666
63542 -80396
-19899 60242
89417 -14101
-67360 -54545
-35984 -53316
22684 -3660
66820 -12489
-23201 -76183
83738 -17411
42468 35598
21180 42279
38941 93237
-50000 45986
-28379 70542
20677 66027
31110 60545
76714 -37275
94036 16577
24180 86382
19762 51415
-19553 72129
-70923 -42632
-73973 17299
32742 65792
76937 62978
64695 76681
48273 -77058
-12715 -15087
-25720 -94446
40834 93760
-40344 12455
-34951 53110
-77592 -60520
-65636 96407
91412 -33628
27478 -11971
-2929 -53690
-77788 33282
29559 -4957
22266 -38299
-40755 -93577
16619 68543
16741 -17386
-14152 67947
-4093 10037
-7306 56324
-32254 80108
27513 -83803
23372 -97025
15523 99956
-18007 5082
-80527 -56344
7091 -41997
34676 52173
73069 -3561
-44037 91096
-36755 -40378
6900 4017
-48738 -4378
-78864 94446
87742 65204
25051 39520
-89311 -9050
91696 -83205
39893 15417
-15940 16298
33762 -10499
-50589 -48285
57796 18446
-60 -59846
-92457 17615
92904 47355
34281 67796
-22138 -44101
18467 -26451
-98786 -16491
-9939 -59847
-64106 -46722
44244 -92309
36309 89172
50765 -83511
30143 -53722
77660 -58293
-98203 -91328
-60458 81542
53891 64643
-30442 38628
-49581 13725
-629 -28825
14860 1527
-73068 73989
42742 71834
-78300 39879
-19711 44954
54151 25247
25145 -38468
-49207 19678
-95345 -93605
27428 -73784
86688 -5047
-70370 -74063
91460 -54115
59380 1375
-41736 -84671
66472 4092
53315 -25586
61063 -48114
46416 -23361
2508 -36491
-83425 43923
74223 86929
-11549 -4351
8576 80539
-37728 -51975
-36535 -68561
27067 36140
82887 -78173
91045 99537
-39209 57152
-89758 30861
-44287 2682
-81139 31706
68312 94432
13907 26555
7095 44834
-68982 -64597
-30710 -62048
-46350 16545
22188 -28185
58276 -27350
-38317 -45012
-6852 -12496
79549 62112
-66584 -33488
95410 9290
-56972 -77312
74464 66118
-41943 -84756
-86788 -32550
-46102 54567
71439 -94812
96191 -17100
55752 19656
75485 -27820
-94525 -48470
82890 -74825
-85160 88159
3130 35359
-33156 26236
62469 -73547
62795 -53087
56188 55636
87389 96133
90374 -80929
-36719 -45901
63974 18601
-37075 83509
32363 -87080
-68876 -50109
79172 99810
84282 55174
-8878 -14111
57695 16440
-3556 47537
-804 86112
78422 -43376
22954 -42566
70577 -86210
55149 -38555
-96947 -30677
15787 55061
-51368 -41758
-32538 49400
4944 94342
-45037 43414
-61195 47667
36399 40660
995 67731
-37415 98548
-1795 -45236
57486 38670
82175 82758
33865 -17901
-83899 -6695
-5347 41134
-33326 92579
-60707 1353
81323 5236
45117 86573
76050 71218
97795 17758
-94193 -22335
-14355 -55930
-82772 -40372
21905 11184
3861 59999
27007 48043
-7534 -188
-60812 -19586
-25026 82163
11099 62224
-25267 -83516
-62427 -28792
49569 -57315
90982 -13195
20366 17872
65620 60952
32802 45709
-25387 95130
28368 -87673
-22712 84261
41962 79508
20637 -37820
40486 76693
52845 47227
-12392 11166
73046 -73023
74275 -50631
50797 -73354
-95643 36884
21399 -94125
-42647 -60037
-35531 -41948
-28562 -77147
-15184 38412
91771 -73469
-34702 -57998
-16768 -22542
2172 -63592
4774 -49824
-75590 20572
-80227 44464
-9069 -29723
19710 -75399
-59818 -44160
-46417 -59948
35969 9668
99306 -33761
27358 11937
-96660 97205
90610 49048
32619 42274
-85133 -46196
-50848 -7238
-14125 -93213
-13699 88783
30845 81247
78673 -30193
35013 863
2346 36163
-59289 -48686
32844 -54914
79308 -73899
-18612 35073
41953 -5560
89136 -82738
7593 -61511
13280 -63985
-29386 84690
-90637 80933
99459 21232
7131 63903
23475 71955
46683 34131
-31085 -34367
85451 -68293
64754 52209
-97659 77261
-4432 -81284
-51994 -23072
27340 41260
-25703 -89883
81150 42254
-66633 -67780
30881 -4811
-23377 -10915
-35640 19829
-95112 25553
-2014 1307
36698 55320
-35992 -57095
-86316 7927
96261 55138
-96849 31977
48906 -18611
-61348 9946
-67038 -94542
-31483 52792
55938 6159
-88392 81068
47519 21297
17322 5955
-65966 -57008
-36011 9952
-81301 -29706
57845 93047
98786 11929
-46671 55095
-63830 10781
-74370 -81406
34570 47427
-47099 54556
-18413 -1788
65771 -63342
80178 -12670
59274 -97188
52240 67026
-30038 21451
-36034 -1683
85994 50852
44536 -1981
-52307 79725
32783 -50753
-96601 79492
-67348 56253
-10151 -1959
-23192 -49610
67281 -56987
98701 39112
31938 -71330
-67996 22368
-67382 -70126
-84481 -42483
7009 -1564
29116 -71211
62613 -54830
-41722 -87871
-8106 -82907
-85686 -15853
53055 43110
-42199 5145
-28961 85221
-34246 -24182
-6501 67351
55014 -76891
-18549 -42901
-81469 71999
-85316 54838
-52746 -39074
-51672 -4982
-87439 23383
-37409 -18155
83407 71975
-51864 7083
-14489 -48705
-1463 64671
-12871 81981
48935 -52966
-21752 59842
37233 -98251
81421 -29307
42256 61701
-82008 40891
-44001 -35325
38443 -64766
67122 52534
30090 59875
85894 -37500
2513 93144
46155 -69921
96967 80455
-2459 35998
-13430 -82286
-51631 -83179
-73378 -71452
-62178 -1291
87486 48974
-82717 87765
90137 -46322
-22393 -49397
92632 -17258
-63942 -48732
-63016 40196
84628 -72978
61160 47923
18019 48548
-84889 -4731
29980 25945
24323 59992
86971 -4097
-27932 -77614
21281 -55494
72270 -98215
-34133 32137
-24750 -78827
54144 -78173
30958 78158
-68915 -51888
43870 -57229
-17662 -34693
-52245 -20027
45909 -45238
57289 -42217
48242 -24860
-2132 56455
34904 -79814
4175 48560
-63775 -33997
87631 -53526
70724 -1153
-8307 35818
83597 5616
-22472 -86939
-34465 40435
43136 -11243
93986 -12416
-57453 95361
11182 -42102
44358 54389
67622 -14873
-62011 -45647
58526 65560
46236 68337
-26158 13413
-92028 -38004
47602 -63611
-3297 76460
19915 -60486
-94323 54539
-54487 -35600
99726 97542
2497 52113
85249 -70998
-77141 -13486
17598 -59809
-36715 22659
-67932 -85903
4857 -90308
17080 38488
32276 51044
69109 58993
9684 -71713
91505 -49363
43992 17008
5609 -70500
82311 -70241
48991 -53922
-76222 -84377
73431 -47361
-63262 -47704
79969 -24101
68883 4271
-90930 79653
-99419 54336
84861 45905
39465 -84524
83356 23646
-56788 9300
-32812 76253
77690 71362
29490 -30648
2262 -11470
4819 -43318
23844 18477
7502 -23215
28933 7763
46670 -70883
-23903 -24344
-43996 84245
-71885 -98710
65974 -11165
53626 -88811
-10699 -89963
-5402 51318
41375 35785
-66291 430
-47796 -55867
-13758 -12274
-97342 47632
20829 52562
-67401 96967
81786 57996
92803 7288
-72893 48077
34740 -87897
-62383 17638
-62260 8821
71058 53950
-80283 74991
69484 12112
-88322 -62113
-93765 65207
40897 -15436
-53133 2947
-87079 64457
-9656 97159
-13148 -41445
70731 14403
65377 -69158
84741 50042
-51100 61685
-54931 -70294
21139 -64167
32620 73333
32747 80934
69522 -49583
-28829 -22897
-6907 -12182
-91237 -42350
-97382 -89341
97083 -42628
-3699 -57805
7767 3479
-45149 -55432
69156 -65353
84902 -36279
-72871 -1120
-64935 -93665
-87406 42590
4898 -81383
96657 -43703
-63722 -15075
61456 67425
73681 -92112
76673 44618
-43006 87199
-33389 66701
58465 22166
94694 -53871
9201 49827
48078 28782
-90750 72955
99569 -64949
71534 -41545
74261 -42012
41706 -76043
70896 79688
-38220 36657
-20706 -86076
6491 82064
55610 -5334
33876 -65717
25243 53781
2764 40775
11197 6323
-72168 -736
68427 -25024
-41780 -21509
49412 -4018
10353 -11034
-44087 97728
97719 -17390
56843 -23264
47173 8563
12186 -37498
-26864 -28706
-46096 15644
105 -19784
-1225 -83707
63888 1158
14701 -18914
-18787 -98966
80458 -68002
-19657 99464
-39423 97426
74511 -61821
-11101 16633
13068 -79835
6028 -29007
-83950 84003
85866 -44164
84843 99661
82994 18747
10106 34425
84752 -63456
22163 -23418
-37918 -33636
-50203 -10820
-13690 -96041
-97942 -78162
-31100 -24418
61888 -24517
-13189 19602
-94457 98772
-18670 -7766
33357 61837
-47681 -15202
-197 -62059
92816 -23712
