100 54 8
3 8
10 -5
8 -10
4 3
1 -6
-9 1
3 -4
-8 9
-6 1
8 -2
10 -2
10 0
-2 4
-8 5
5 -5
-4 9
1 6
7 8
-6 2
-2 7
10 0
-4 9
-10 8
-4 -8
-4 2
-3 2
-1 5
8 -8
-4 5
5 8
3 -3
9 -10
-5 4
2 -10
3 8
10 4
-10 5
10 4
1 2
0 5
0 10
-3 5
1 2
-4 5
2 -1
10 1
-5 -9
4 -4
-6 -4
-9 8
4 10
9 -10
-7 -8
-8 -9
-2 1
6 -8
8 10
5 -5
2 2
-5 -2
5 -3
8 -4
-7 -3
3 4
5 10
8 2
-6 4
8 2
4 5
6 2
4 8
-1 3
7 3
4 2
-3 7
-4 -3
-9 8
1 -4
6 -1
0 -5
-9 7
1 -9
1 5
-7 -10
10 -7
8 -2
6 -9
-10 6
2 -7
-2 -3
5 4
-1 -10
2 -4
-7 4
-8 3
10 8
-9 -10
8 -9
5 7
8 0
