100 41 6
6 3
10 -2
-6 1
4 10
-8 -10
9 -4
-10 -6
-10 0
10 9
-10 -5
-2 9
-9 -8
7 5
7 10
6 -10
-5 9
-9 -1
5 6
-6 9
-10 2
-8 -1
-9 -6
9 -3
-3 -6
5 -9
3 -2
-2 1
9 -2
-1 8
-10 10
-10 -7
-10 -1
1 8
-7 -1
-2 -8
6 -2
2 2
-5 4
0 1
-2 -1
-10 -4
-5 -2
2 -4
-4 -8
-9 10
-5 0
-9 -10
-2 6
-9 -9
8 8
0 -5
10 -2
5 -9
7 6
-4 10
-2 2
-10 -8
-3 3
-8 0
-9 9
-9 0
1 -10
5 2
7 5
9 -5
-2 -1
0 2
-6 6
2 5
-6 3
1 -2
8 -2
3 -10
7 -9
-8 -10
9 0
1 6
8 -10
6 -2
4 -4
2 4
-4 -7
-3 -6
-9 -6
1 -1
-8 1
10 8
4 5
-3 0
-6 -7
-2 10
0 -5
-5 9
4 0
3 -7
-10 10
-8 7
8 6
3 0
6 -1
