1000 901 65821
-59822 44637
-76384 21836
79128 18314
-51436 -67125
11530 -49319
-35578 -28884
-1388 18093
-13708 -81601
49527 38348
-7976 61903
-13587 -536
3102 16424
34419 -24337
-79392 -20498
31188 73963
-27378 83515
97731 -96744
48754 -56188
-72184 -48899
-73670 -92468
93433 -48105
57698 76282
-80802 1598
17678 38469
62710 -70013
-26470 -83823
-25705 -33986
-38561 -82021
-43316 -79937
72932 -47125
-94481 46518
39786 80477
10014 85664
70584 -20773
4907 -39853
-24651 -12378
15827 -26262
-3374 18389
-63136 99263
11508 -3622
-83746 -65371
11790 12478
-43013 -28189
37878 -12251
-15967 -73969
85659 54453
91854 33330
-51839 -37396
68885 31286
91863 11181
32409 97961
44036 1396
-97639 66879
83413 -5542
86356 35595
6102 87836
-73554 80196
-95075 45153
-73020 93624
99340 2760
8808 -66498
22939 52638
-20324 71757
-32415 -65614
-92951 -31207
99183 -68246
264 -33812
43750 -13217
-76405 -66989
36965 42566
-40160 -83466
-97303 3504
-36798 73883
-12551 -52722
-29119 19838
88916 84718
-25157 15907
-49192 94622
76593 -34579
51957 -23139
49871 12940
10773 45929
73203 7953
-7032 -73118
-99787 84433
26511 76265
-30682 -15386
40063 82671
92274 51813
34658 -90541
30354 -46080
-11089 98590
-21552 6294
-30326 14959
29585 -72549
-37647 -77470
-83425 52437
-1489 71878
-17821 -23403
-41987 30834
96986 7893
62319 -96106
-90151 16688
86371 -28409
28330 42096
35031 3261
-46589 -47600
39402 5501
-26183 -4636
-34555 -65588
-80013 26896
81184 17675
-82161 -41261
-55682 45223
45741 96876
83460 -36676
-26008 55133
61063 10090
2550 -72862
-98334 -57192
-2985 -2641
25027 -12528
94762 -37567
82701 13366
-59998 -18369
87956 -27574
-393 -85243
8818 -5217
-13853 63521
89177 86585
70188 7072
-63444 66369
83672 -94490
7810 -44644
-90480 -86999
-46337 94185
80541 -38812
-49546 -26033
-97856 -34209
-73604 21972
-61691 80231
-55644 -28289
37334 10629
15003 -80978
56927 -39224
-20907 67028
90225 42085
-54577 45875
20258 -56829
7331 73815
-77861 -55115
-12824 16292
-56123 39679
91634 20779
-90553 -34494
69542 -20074
-7385 -28384
-63111 -76208
28163 -9500
29355 58389
-76312 -11059
-70694 -92193
-75690 -57100
10265 83995
83283 92308
-51438 50907
-52271 -75062
-47293 18986
74308 72420
71391 -37625
-26950 -29733
-73671 -53464
-78754 -39069
47192 96743
-68513 77393
22524 -82807
-74719 68829
-35944 56670
93354 -5625
-90089 -19043
45974 -75321
1867 -17195
515 20681
-85302 -87506
82471 4322
88008 -10315
23072 71524
-95305 -97608
52561 -54908
-36674 34705
69045 -30478
-84961 44790
-55002 -66455
-3783 11494
61869 12392
73249 -26632
-17738 80875
-82509 73821
-16423 -95728
82796 -32836
-78707 -6820
-68128 32022
66506 -54262
85413 80352
8495 -87345
69569 -18112
61485 92578
84832 -90215
-76755 59672
83519 -75044
63569 -38039
13896 -15241
19129 -77748
-57150 -47872
-6265 -91684
-9790 -36107
-37292 -76117
-7042 -99586
23569 -93981
-10364 -64609
91195 -19528
-8275 -1967
42621 26506
-23926 81554
-74158 24415
-87324 73603
-11866 -70891
97131 -82388
-58346 28112
43172 21086
16783 -1686
-3873 618
-10251 58023
65530 -32239
5414 -56917
85629 96074
-80097 54875
-25186 79872
-41681 -62523
-86361 -89541
47228 21801
26588 -79469
67376 44725
-76566 66234
38791 -66310
12761 25622
-37591 52334
93919 86800
-45294 -17094
69482 -29828
64239 19618
-39503 2866
74587 -94792
40379 -5043
68153 48482
26301 -26962
25658 -93859
-12108 93114
-9663 95721
81800 85876
26052 82120
-74126 -49235
19947 48683
-85568 -85081
-73337 -18400
93286 90018
-6124 78925
74635 17300
1192 95370
-29445 38080
12629 13972
45631 55620
27132 -3730
-70639 8103
12790 26421
-54679 -90062
-53595 25677
97102 71306
19580 -72869
68917 9718
-45903 22896
-7182 -103
19851 74969
73780 97699
90058 36170
-46680 4316
-64585 -73555
-39341 -49747
-3178 47031
6257 -93081
41535 81915
7286 -43034
71177 -6675
96767 94478
4737 34035
-79507 -13573
32618 91455
73759 -48959
-89737 -70482
2251 -39145
449 -95299
70644 41189
16199 49882
-50468 74456
-96302 -93364
-84302 2002
23644 36726
47694 5725
-76869 -60375
-85785 -943
67383 -62109
9744 69890
44003 38851
-13735 62319
-53811 12333
-30563 -93776
18021 -86385
-26554 -22136
6194 -31224
1583 94209
28085 -48226
-47205 -84867
-72844 -45018
-61562 -52120
-85596 36695
-16204 80601
-32539 -95888
-53755 73670
-61568 -71311
-21045 93705
-3949 -12323
-51469 92492
81160 -72955
40355 11343
47791 -24802
41613 -34247
73839 83108
-13642 99775
-12034 83908
36592 84910
25388 -84926
-78223 -77954
-72373 94880
-88204 51325
55507 -50183
54166 84805
48020 -88520
-11192 -6059
81813 -97467
22992 -6643
64977 -21022
-26394 -65183
97782 37829
55997 -49012
33271 32244
-48789 12720
87687 -43840
99023 -69564
73492 -33740
-45212 61725
-75677 -63692
-734 8475
59164 -67249
-31520 87218
13227 -41073
-46381 5673
82727 -80929
7638 51264
-66811 24071
63263 -45178
35685 36691
-50515 -96344
35865 69881
92914 75269
-42679 -9878
63487 21786
-73824 69458
94949 86590
-56017 -11944
-84228 -8742
-55586 -77839
-66757 -90796
28814 27980
66841 -80213
-6354 65594
-66573 -65607
-28576 14167
-73017 -91717
21295 -25116
74886 9429
-74354 -5232
94835 -3675
8689 25314
-6925 -38086
-70681 -339
-16167 52130
95674 -97753
64991 -44948
-59657 92372
-2157 -66392
-22743 -41979
-51348 -32252
55853 2789
-88646 -73476
49717 35928
15092 66811
54951 36454
47107 4688
-42869 -78587
-95117 83717
-46162 23379
82938 -91126
-99896 -83974
45003 92379
92181 -32656
13687 2228
-89490 25630
55544 43693
-33961 -2645
-95622 -68570
-61422 68026
-22669 -16943
-85513 60041
41812 -9130
85967 89210
30336 -29025
-14125 40503
-73545 -78853
-77775 -53196
28416 90268
-80001 92309
-45909 4794
77614 85087
17591 -24605
57695 62832
-20943 -34513
-59981 -23757
96848 28833
5209 -75464
47111 -70067
-26328 -44472
53325 -29619
59886 -62726
43084 4411
51661 -8078
-43208 -63090
-87016 13157
12465 -26092
72385 -89632
41282 -95814
12702 62446
14682 27985
-46924 97727
-63928 -82496
27114 -1524
-85921 57527
-24234 78896
31252 -40602
-1823 -29506
6942 94936
-34283 41353
-57945 70090
36396 62696
86320 42292
61979 794
-24670 -90877
-46004 83488
-54547 64599
-24417 23893
21435 9697
-93445 -75294
76774 75004
73482 72397
-38638 -71416
50960 -38884
80265 41726
52890 57476
-1524 -74182
67861 -50239
71488 29870
92618 -18961
-74278 -17869
27258 -31776
-91892 8953
-96142 -27784
-67911 16279
2525 24082
-19234 -23679
-14 -98723
22771 29462
59494 13142
92252 92857
18084 -58866
31530 59453
63007 -44202
35339 -51515
52993 72095
-34429 -51990
-44289 82066
54312 -4333
-2399 -40275
33864 75526
68967 -94071
-30056 77681
47599 60774
-15047 -162
-13218 -68332
-28644 -74406
-72354 -94398
-97798 69993
-48410 -5380
-56822 -19074
68224 -78616
19543 -67243
20736 -23606
4470 45536
28653 -96358
-48613 -56945
-15572 -72450
-1770 -29255
68002 33982
-75546 -40990
-169 -21428
463 48476
-90631 -49364
-8785 24396
-5518 -88456
-34507 -80514
-66880 23044
43726 50630
99828 69340
38532 31346
-97003 68655
77199 61113
14305 85708
-4117 42323
-43090 3326
-80327 -60623
85815 -51828
-9836 -81924
-73670 -89251
84479 46095
-78454 86455
-72929 -92089
-63089 85182
47164 -34272
99143 80226
-63468 59324
11926 -75396
68629 -51980
-10851 26395
-20397 52152
-82903 68223
86493 -13657
-91639 -13022
84753 -99681
-20783 -71038
-99659 -95207
75617 -82845
-18931 39359
88661 23248
56021 69051
37889 31716
96705 -58380
55915 -10431
-71565 -99130
2422 78505
-77269 -51169
50045 14867
56736 70298
-62678 -48086
9104 4085
87315 96867
83421 34032
-22915 36639
84473 -26924
-18669 38105
-21331 -33501
-21454 57952
-60666 -36561
50910 -17701
-63359 -91089
87617 83116
89774 78307
70065 25113
48227 -57611
17318 -70465
20795 -17431
-97386 76755
-90761 53279
23293 5433
-73675 48515
18583 65597
59203 -22250
-9039 22616
-8247 -74080
85796 -72218
-92110 85293
-36118 -33761
56449 -50630
-57605 -26686
40838 87918
1499 23592
28588 66731
-35358 -27021
-52476 -81739
-73320 -38511
39803 -55012
-91201 15736
-7476 42648
-14640 -49447
-96612 72236
-76719 -36146
54981 27600
-41059 4959
-41463 36393
50125 34869
-29315 -95725
-40737 -89586
28735 -70331
29092 -39509
87833 64833
-79831 -95845
-90641 -48767
-57522 -50899
-18512 49525
9101 -47993
-66908 4265
-88780 -3743
-16901 -54233
-98904 9589
-6913 -18596
16341 30052
66047 -41644
43971 -87176
7473 60226
-11983 -24520
81350 57383
6692 86652
-1062 56021
59057 -89117
-94673 -98102
2611 -10425
4145 -21315
49240 5354
-76661 98602
-50802 84125
-31627 -63482
21825 41813
-71044 55515
-38708 -44772
-10985 -40718
20230 50208
-37219 -266
16068 -3574
96905 7969
-66178 -4354
-93761 62011
-86154 84545
-23020 56860
99646 -84203
66529 -55706
-41652 -41877
-12531 11431
-92679 15429
61022 -4675
9684 89257
-59559 -72163
91849 54663
-76172 -72909
-98784 -37406
-12857 -64336
-57116 -23293
8990 31725
88453 -91240
-61221 -79292
-833 97175
28923 -32817
27470 5058
19058 -60054
63145 7796
70631 96747
-21152 -77706
48179 53402
96716 85827
-4880 40287
-27665 22875
64655 85684
-22243 25605
95852 72941
-99480 69951
56083 -65440
-47024 -2890
-38454 56322
-66054 -30001
-4793 -26315
-60317 -85450
70429 -80757
-53474 -34873
39504 63794
-83361 -39430
6277 -15862
55253 -22903
-73029 -19924
-88441 93667
72519 75675
68424 -36112
-87487 70904
77633 -39897
-56159 -43366
-39041 60809
78786 64362
80321 -76247
-79120 26630
-3009 -38551
-41780 -23177
-87127 -19220
98790 1553
8075 -45912
2393 -95758
-55556 -41221
-22538 56227
90513 94129
-46257 66502
-8627 -64404
99770 -76990
-55568 -36324
-53606 -38830
5589 92707
-76650 82159
-50915 -99925
-71564 -43823
95583 48559
-73438 50420
-63688 -34054
24452 69980
42680 41540
-87785 -65010
86539 59295
-4767 99067
89619 17188
76992 73158
69994 -89790
-44069 -10851
21180 88117
23880 10484
-22709 -73399
3104 37103
81487 -28498
24306 58505
20938 -34809
-35390 31337
79447 69291
80945 91296
-46810 15286
45511 -36311
-33005 -71634
-99540 -30067
-12639 -12445
-96186 -15300
78879 -66048
58758 -23097
-43909 -93273
-36701 -48718
78151 80334
57368 28722
-40158 -36734
-80777 13436
-78320 99518
73427 -71902
-96805 87923
98614 -19501
-31266 -54541
95103 -87804
-51905 47938
-12300 -17651
60426 -54536
87146 -17648
77878 22739
63537 58489
33352 11231
11656 -89731
-52850 508
-48621 -12847
93400 -68676
-87230 -82874
99123 -24863
-47603 20237
59757 -54947
-47398 -14697
35666 -82363
73282 -29077
11207 -77358
-4027 -21870
-63051 41903
95857 -97818
-333 -4552
-55866 38844
-13650 -4112
8100 24886
-98556 -72646
-89177 -7184
-19074 73751
40172 71531
-71691 -18045
-28341 52234
46178 34830
-81726 -26146
10982 -42674
20649 73887
-8926 25296
-57218 -69615
71625 24903
-56751 8496
99633 -17477
-14644 15805
35913 -6198
21905 39144
6545 -84836
-5363 94479
-56368 -83363
-30447 -99588
-56296 -97835
94199 -5880
1943 56216
72080 24912
-82409 53771
86898 71405
97064 -92285
56008 -64336
-48892 -35007
17175 97175
-74574 3490
-9792 -25427
-4244 -64244
99314 59263
-7345 -40580
-27347 -34957
4226 -56022
83043 -36172
12145 50037
21407 53390
-93003 -67436
97465 41551
66138 52671
-91320 84664
-88255 -56593
-36860 1950
20946 32265
56522 34599
44486 -71139
67671 -78418
-6912 -45288
19087 -36960
-26256 64912
-99214 -58322
7829 -80096
-21334 20246
-81214 -15189
-79200 88047
-55348 -80975
-57134 38536
8239 -73843
46458 78156
-4784 90029
-45348 38473
-73492 56252
91806 14548
-20796 27123
36536 -54257
-26385 -39970
-13223 79250
-54913 -79454
44462 75105
88980 33888
-15035 49444
-93655 99561
56097 84511
-82591 -83002
-53218 -82122
61616 -47031
-25813 -87108
43932 43038
-41550 48092
52002 -77923
-65116 48510
20475 47622
-38153 -91689
19918 -54480
27644 43870
51620 38685
-67443 92447
-16433 15585
-76781 33286
-2998 -84671
-67512 -30735
-74267 12005
-85604 -94927
-31112 73348
-81161 -70447
-97420 3706
3002 17763
47106 -88487
26869 -64020
28516 -49122
52214 80049
17194 -59184
20415 8291
57933 -79219
-98600 -48702
-45878 -68756
6752 -31868
69244 -99376
63212 -25911
-90484 25406
68566 1042
95825 3033
77042 84173
-91262 -49206
-46010 -54850
-46156 -91375
77618 -5977
-43617 56008
25898 16360
14995 -62523
-21413 62659
22312 -3703
-36632 -82866
-65952 21100
-84031 -72062
-81147 73474
49792 50713
2791 79850
-83017 -34489
29416 -96819
26694 -72850
50778 99560
-29104 68342
8461 88449
75320 63909
-91960 -92118
77163 29910
28739 -44455
44596 65305
-53579 -49258
93005 -30961
-64062 84228
24224 58189
64003 -60841
86167 -44376
-15850 9998
13332 -24249
-67118 -86912
17552 33584
23853 84610
27012 60415
12607 98740
-19460 -17285
-96863 90695
25204 7306
-62764 -54143
-6250 -89262
48281 -23548
6849 -96016
22228 42968
33839 -51019
-46703 -47537
95813 32867
40386 -83199
-95933 -9363
61912 -51317
34363 -51107
-93518 81295
71182 84953
-17606 44074
84237 89578
-39762 77440
-81612 -50556
71447 7930
-27794 -78660
82666 -20020
94749 -38033
-79081 87326
-58742 -75501
20495 74824
92138 71497
34686 40450
-16568 79012
83105 61061
71364 -38834
73927 -40270
-80113 56195
-92758 81908
-81642 -28602
-86643 -32238
79828 60607
816 77121
-96649 75892
-99838 94301
-56352 51623
