500 23 98353
62963 54302
85590 14093
25653 -93755
-86630 95821
3900 14205
-27547 63519
57349 -28858
-68040 -93647
-6848 96503
98563 74537
32544 19382
37355 -14400
823 -71755
43133 25507
1458 55503
13880 44605
-51613 90048
90928 -70192
75965 80664
-97810 -54399
-73667 -78104
71159 -82346
28627 92184
17940 -31697
-50533 -17643
-58292 39789
-86293 -33216
35342 41788
66606 -22377
-17405 -87201
84032 10395
-57108 -73923
66299 -7518
-15207 36667
51107 -49271
14485 -98525
-91558 786
93316 -56297
89062 -29565
-48134 56335
20637 18637
85994 -46626
90796 20388
20115 7569
69296 33910
13931 12033
-71017 -40928
-16079 2099
-2311 19713
84177 93899
-52759 -65740
40881 84958
74293 19282
-80968 13168
-43313 -12472
-52857 -88755
17436 4781
-50714 -59708
-16851 -69511
32430 72871
-92521 59089
13419 89435
70643 -54862
10587 69296
27281 42162
-16279 11264
-34281 18640
67777 34096
31906 65850
77287 -79332
47963 -59856
24669 -20812
-39665 95371
-60359 -98812
72895 -17
85282 -38284
-33798 -37802
-23443 -67504
-43990 30832
-504 70575
-58365 -37182
22724 -85241
-40337 -991
-55814 71629
-73001 -6776
98347 -56540
27763 -53864
9403 83574
-36338 36893
-34137 -91943
-4615 8337
40665 49139
9540 32391
35279 81591
53452 35143
89811 49229
-70369 -51847
-46248 99453
97992 91982
16195 -47594
68472 90845
59581 -18993
-18670 -77302
-65814 -25438
-87737 58470
-72061 42251
82819 36324
5706 81384
99557 41667
25373 -28278
74966 90363
-80797 65211
56633 -85707
-4579 7829
96575 -86505
79960 -78692
30330 -40564
52131 -15255
95230 -59560
-10289 43970
83711 94458
54998 73519
5126 -62827
29596 55939
80223 -78022
-72336 -90658
70956 27785
-79065 -50187
39988 -58395
-48117 -75850
-27649 6154
-43160 22436
98280 24126
-11901 61786
-74247 -63240
-91111 -4699
42082 -11577
-3369 97222
98356 28192
5275 -78710
54437 8834
-40512 12170
85795 17183
70903 -35648
59084 72318
-3398 78749
-72375 82585
5147 -55126
-90197 33788
-62948 43255
63837 17055
-68832 92944
48955 -78226
82995 19408
-59390 -22139
59830 9187
-43024 61784
69780 91984
72577 65967
-99948 -9843
-48717 -38774
-24799 -9011
-63459 -36955
-14999 -68848
87602 12513
82565 -77206
-37950 -65475
-15281 -75159
86818 -41662
27902 54218
-18156 4065
-84368 -56280
68722 62349
44666 -41494
94209 -72889
80381 -75799
-59962 57128
44866 -38418
41238 -25296
89390 -16051
-20592 -78861
-49981 -42615
-67826 -88562
-50467 85974
-22048 7486
29327 96711
-44855 -99686
18953 -91641
9246 -21315
-71403 -71956
23531 -77003
-68964 -22945
37333 41230
47622 -45611
-91919 -63636
78256 -3984
-78395 -48181
-22705 -10794
37204 37396
-20882 98731
61781 -83438
-46128 17378
73259 -84468
-55407 -34681
-66971 -6100
55489 -51747
15933 65567
38684 66884
25122 -72588
69834 10787
58227 93906
71951 -39455
-86023 -20921
80737 -83356
96200 96851
-25706 -19601
20378 -58705
80371 6730
-747 -13395
70419 -74500
-37711 60440
-48025 -69019
98783 -12740
-97430 90485
-356 -54341
-93740 75014
-3175 -63441
-55939 -19038
4362 -32348
-3448 73197
-16522 -61152
26261 58239
31313 85627
19542 17814
-47405 -54563
77877 -69378
-99248 20952
-36289 -4265
6276 44714
-30067 59268
19859 81507
93382 47092
-51648 -1918
78779 30652
-80068 80157
96179 -6911
94590 -5196
-6448 -18365
-63762 -28521
-38231 -62316
-80967 -48750
-19867 -40632
9931 26770
32572 -4165
-41129 -56054
-9823 -83479
24642 -34423
-65059 -63170
7205 -5093
-47353 64211
59772 -58765
64352 -32647
-53430 -68254
-61211 35954
46107 75741
-38307 41687
-92413 -9084
6159 -55012
-78782 67674
80935 16561
-31516 94219
-10427 -67754
-38736 -61284
-84439 93244
27135 84501
-90654 24501
88644 -15346
55961 -71788
-732 59457
78665 65626
-76914 75554
9417 -770
29718 12829
94845 -32786
-49200 76785
-94665 25654
-42310 49032
-52004 27096
51423 -40472
-22235 25059
-81490 -79856
21470 -77510
69121 55821
50297 -75185
-36563 90521
-23064 -91016
-22883 -90038
-31429 -68052
-23377 -4331
39677 -28259
5573 -19977
98833 5711
-81207 -4356
-14189 -19024
4425 -26029
48984 51514
53126 55809
52652 -90475
-52028 89278
34368 -15060
-33928 57826
-89888 17081
-59427 -42557
36168 -86290
84227 26325
-165 72110
-42825 -1123
18455 47198
-17960 35889
4453 -14207
66636 49237
32587 -47427
5732 19809
41421 93225
88581 1057
-54501 -93148
-62327 -88757
13821 -17557
92076 44304
77423 80510
-54748 97663
-72296 94732
-26937 43641
3968 60391
67918 -50996
-48229 3150
22226 76963
-54082 -75416
46877 47195
6768 -48301
79136 -9460
-97331 71129
89682 -30536
-30565 59487
-86623 32110
87715 -13248
22245 -37950
59187 2768
-31385 51864
-54082 -80085
-64262 82242
-37986 47363
-98767 -8827
21657 -98024
-89795 85770
12040 41280
79065 18536
-97347 97256
21263 94278
88781 -13644
-40566 -80882
-33263 -89819
-51694 79075
-62939 59753
96257 24601
99752 -55802
-59612 -27118
78535 -78688
89718 -45788
15922 86042
16923 -16
-38455 -28148
-26215 46006
81920 8986
-56805 1634
-49254 -66919
12792 -64745
-88276 66806
3553 -27929
-60248 -68256
79373 -78837
60927 -29294
66233 -68576
56190 -70235
44381 31978
48302 -47753
17040 -40511
-76928 -1276
-82508 -70392
50642 -14718
-55927 -80894
-23889 -17785
38121 29844
-31938 44393
-89510 18045
-90061 32930
-80766 -73261
-71174 27403
-34805 16196
54267 39647
-27822 -78879
-3541 -28812
81211 -70339
82419 53758
-39983 -45469
86604 -13653
-58927 3009
-32802 -73478
37251 -78623
-63021 31759
-68640 -86599
41520 -97653
20483 91322
-85687 -86107
-46655 23310
-39079 52886
77657 -31856
80177 62023
-24415 -76382
-5837 44248
-15911 9319
-97278 -11010
-15483 -96822
55311 63009
-58108 -40814
41855 -27174
19737 -48382
-11800 99761
-23331 49800
2698 71807
-33249 9562
5072 43389
-85823 -64960
-9879 38861
15172 18718
-94406 -17754
2577 81659
32120 46112
-87085 -88628
62422 -18190
77072 -72989
80106 -47279
-96500 49557
5313 -14398
94659 -1657
-54142 2976
89269 70969
-80408 -42863
40970 2220
-64994 -12552
-57688 -89476
-67908 55422
43304 -73363
-89472 -67001
-45333 -90145
8997 23600
28275 -22085
72334 92686
-69333 -29102
-6975 -84308
-2601 -56416
14457 6988
11823 54563
-21755 66570
-6192 -52480
1514 -11482
-68918 47836
89942 98175
-69323 -73936
98227 96907
-60292 94798
66349 2780
27053 77992
-33173 -73219
24577 28296
29460 36225
89557 61706
43556 -70144
57152 74796
-15536 -10528
-24903 73928
6900 -7054
-27549 39812
53700 44408
-72566 -31732
-13270 73390
-19483 -24569
-60762 63017
-43754 84962
11740 52956
-31841 -73728
96556 -10348
-88481 18991
39979 -16309
-6152 93658
-66031 -91453
-41704 81077
54427 -19327
95180 71088
35146 12820
