500 198 164536
30742 99471
-39563 71300
7155 -27814
-66187 -96338
55064 -19463
-83341 25199
42885 52124
-72640 76622
66227 -6602
-63856 -11016
99544 -28272
71969 -78259
74315 -20886
89252 91709
-25261 61581
83229 -35683
17177 -17083
-88551 -84353
96170 -58185
-30960 55134
49487 19265
48821 -67418
25566 -18048
-26422 -79292
67326 -14405
49490 -92938
99527 64937
62799 -53045
83478 58237
2429 98113
-18584 -87993
86385 9661
-53119 -47014
-26097 57268
66634 -9586
58809 -66373
12897 -22255
-3379 -69276
-1838 94727
-4863 13282
-98630 -58193
-78114 -29880
55803 -11431
68418 -89426
74246 -49646
6240 47065
-83385 -39589
2085 -7062
-20699 20680
30424 -84277
78668 -92930
97091 77043
88119 93107
-70835 -89975
-83798 -25122
-78850 -64814
-33755 -66747
-8534 -9887
-55632 -65946
-35445 -78056
20635 -15381
-73441 18625
20395 28138
-29810 21314
-1018 -98975
-27366 60203
26252 70857
99332 -86004
15317 929
75679 -83205
-28182 64
83366 97337
546 23887
-1643 -49162
22477 -65269
32001 -5905
-19721 -88778
-39716 -8513
-31858 -91786
53787 -22625
57600 -71681
19603 2060
-95927 81851
-89236 -20175
-38300 6632
164 13050
-49922 55338
-25552 -37481
-67841 12544
-71719 -10183
-11025 19561
-69868 -68043
22571 -3125
-37768 -19261
-9582 2816
83046 -8684
17461 84495
51902 -63283
-40723 -85000
75700 73441
-8049 -9905
90984 -65920
-77384 -92204
-82409 -38003
-98611 79877
-39251 -59218
37847 85073
-86182 52876
-8761 -3583
-24507 -60396
76234 -7977
-81101 -69554
57267 -21440
88782 -7287
1126 -46262
58242 -54308
40837 68571
3436 -86816
-92139 74610
-22928 24552
57291 -7569
-27293 -61201
63789 -10589
-11502 39712
-71373 73391
37322 -64081
81291 -44923
-27941 97216
-44605 -58886
62854 91250
45639 -90543
-32066 97756
29549 -24523
-74347 50628
-93074 -60066
72779 -47533
53911 -49741
-52330 -89521
-22212 -48551
97270 -97867
-13751 -96547
62841 36723
73468 -54077
-84990 92142
71304 26453
-65713 85630
1345 -5160
77049 6365
43291 -64303
-61971 -42564
-50539 89027
-98449 95478
-29370 -86433
-81470 -49680
77769 60764
-63628 -45573
-55637 -17873
662 -36893
-88217 83458
74458 92670
-88267 61524
97035 -51697
-9935 -22732
-45618 51184
-81348 61937
94421 -69939
77271 25645
76059 -52379
-88078 -6109
-67047 52084
42063 9945
-22213 -87198
-73850 89445
-50738 53139
-94964 27698
10345 88054
-73493 -16759
99112 53581
31316 -31758
-81744 61394
40217 -9087
95128 -91131
60231 -11385
-20711 -36832
-60229 -71082
-18997 39590
-13464 88468
-95264 58171
5478 38680
-39599 -70377
64967 -78971
46226 -47685
-8283 72740
-8239 72689
-70236 -5784
-95078 376
18422 32467
-51978 -24134
64575 42872
-94536 -26491
-38633 -5375
4800 -68865
-19633 2906
23133 83697
67389 -52818
-5035 -97701
31991 57249
-4696 9801
89535 -14165
-95703 -14169
25640 -16394
-25048 20655
7222 -1446
-98973 -84761
62620 -75609
32720 84434
-53218 89341
63851 89454
-23950 -10557
-43937 14483
-79977 49234
-59108 24241
-925 85385
-30335 -4563
51353 -72127
48890 65786
55382 -62788
-78834 23736
18179 83113
55427 -4831
-2366 93311
-45904 46578
-11714 9991
12619 2814
-38232 -6201
68228 -62741
94529 77168
21106 -65075
-14209 -30847
-26969 -36046
53870 -58244
15370 78581
40780 48190
51415 68906
-61549 38739
52132 42546
-9951 90984
-2426 96690
-14374 3338
85766 -42478
16832 -17745
37241 81761
-94138 93362
55300 28029
-34649 85988
38957 33440
-86247 -42550
76476 -41555
-36777 85286
-48814 -96799
90703 -6265
57437 35797
-55196 -23141
58851 -3918
-62807 34889
7653 69355
-86483 -18014
32010 26799
-70762 -54645
50257 -15035
-31036 -7200
-43555 2335
36862 -14737
-62789 -78336
5179 42846
6411 88751
-65441 -85954
-17449 71417
-67640 -96537
69822 -62609
-72670 -20014
32755 97853
10921 93666
-50641 61296
-58785 39101
-18227 92823
-64607 94043
-22548 28077
64092 -26649
16725 11021
-33388 87977
-28975 -38356
-9449 -68917
16634 -94990
34066 36561
60356 68436
-58018 -41272
78254 -28956
79446 -51186
79794 -39908
-24328 59400
79203 82556
-3459 -79963
43609 -84704
78146 88015
-61272 34398
87941 26944
50994 -79812
87 -69460
-72857 -13490
63691 35604
45808 90873
-39859 12302
-70250 -33718
-89519 -78200
26847 55885
94873 11154
65472 92575
84546 35302
21694 33859
-86375 30740
-45374 -30830
4848 -35968
33374 -36906
51197 -19946
41839 -39121
16713 27629
-52450 53614
-11079 -35642
-22652 -1830
85488 15858
-30079 -44455
46347 -74620
-49544 87070
55428 96902
78359 -62462
4836 -21587
-85328 -30812
-80036 -65102
-197 99958
-84599 -54345
44378 -37295
-86113 71083
99043 -89918
-93008 47400
-82510 12125
32042 -60529
-42363 -69418
73461 35703
-93324 30768
52513 15866
42349 -95029
48730 14426
47505 83926
90292 86131
86030 53210
84748 69527
-66214 38879
69747 1682
63284 -38130
79590 -36455
-97295 -97790
-41453 -77471
64313 -38032
54017 -97043
-97642 46213
-4913 98342
-92174 7911
-74319 84985
-64701 -23272
21403 47991
-65758 44821
-77365 -47120
43879 -27906
-69856 55723
-36605 73507
-66416 16682
4643 -87283
-93681 -43494
-88894 30188
-37793 26017
31219 -88367
31126 -86610
9767 93840
-44206 -34820
-13435 23113
36628 -58710
4364 16297
-4303 -40434
-73559 30126
-65210 -11885
85786 -32627
25061 34171
-46879 774
48555 46117
99673 -69426
82904 82454
54564 14797
-90010 -73330
-83360 85910
46888 49584
-93317 -70446
-62882 83402
44010 67520
-55357 46855
23334 -19777
-75853 25562
70426 1043
2369 97933
88653 -73530
-14251 -47548
-83350 50156
-14975 5041
-55513 55263
11663 -60641
50744 50097
-60951 77214
67262 98120
98918 -6273
-56736 -98886
-86877 41483
83116 -91130
-62909 -30242
-37559 45734
22919 91725
-44236 -87914
-97346 -10146
88781 7415
-6547 -1606
-70344 -96798
-97949 -61256
-94597 -18437
23840 -73451
27992 -10057
52648 46704
3913 60198
-67111 42995
-57326 -11966
77006 51225
49075 -69697
48309 -90618
-10356 -85105
56203 57944
31305 -85485
47755 -17702
2653 3377
-31430 83929
14389 83649
62520 83261
54575 72949
94979 15057
47589 12114
69811 -1288
81717 -23847
-98750 60518
-45376 90672
-1991 -46430
51230 -51804
139 -9338
-76623 54188
-80879 86630
11836 -32703
-19827 53119
34812 -48953
-37844 25322
-75495 7615
2814 -4980
-85300 -48019
-9761 31269
-82253 -8883
-1003 99054
-11207 -25187
-79415 -38157
-75776 -63036
-94314 50141
43835 -24996
-62107 -50181
24135 99319
-43844 -93108
15166 35907
-24691 -94680
-6515 -25307
51309 55239
98316 57787
-38512 -90926
-27050 86042
-97186 6258
95208 -36298
-8187 -26026
-55406 -97463
31369 24830
-92166 -66030
27188 29174
-3161 14092
-69422 -17169
-98668 -85053
23407 -61579
-7904 14451
61394 -63362
11235 63566
