500 412 260579
-51461 -71956
59566 -37062
-14201 -90990
12600 93193
53577 75770
34372 37484
-73084 79961
79097 10834
362 -41812
-49013 74499
-21234 -52647
-38847 -46445
36588 -13762
-52950 -51624
-66721 -64660
21532 -83231
40871 44769
-11804 500
-9332 48641
-37247 71545
-98909 -33017
-33440 -2538
76653 73739
57959 11111
5522 -97774
69779 -58100
-96538 79168
28482 83701
28437 -92959
-62843 88634
-90342 -14131
24757 68409
70380 -66748
76119 -41025
-1843 -77742
-98408 -19562
-85699 -20084
-97234 78911
-53073 94300
-37812 -82220
-75680 11052
57918 -26756
-65310 60543
-81382 14430
-11261 -5940
81419 99089
-88606 43442
95981 66131
-36771 -88900
-29742 91102
-35335 12844
22811 82084
55938 77231
7647 47564
10887 -82737
68038 21146
89206 -1454
-3322 1917
-67469 -90666
18818 95935
-26967 -42656
-68510 8990
-56920 -92679
-82556 64434
46599 -53506
93465 18798
71978 -61300
-61265 -8662
37017 -81821
53686 -3001
-49838 -7142
-20799 94559
99788 94588
-54317 96167
-72536 47555
28017 59687
-68252 87501
-41941 -37637
-81624 63846
-22474 -68451
-36534 -7252
68327 14690
-44731 -66221
64847 50700
11901 -77922
46434 -40638
65253 49058
48402 41829
52115 86799
63366 87682
-29240 85653
-3883 -75792
-29661 45488
-5936 41502
29479 -36407
56071 -62477
-205 19106
-2669 -77627
21462 9798
-54639 -34394
-46644 44177
64829 2302
-17483 53775
64771 -60385
54210 -37786
-63348 94671
39020 20734
92064 -63419
59773 30349
27314 76105
-26328 35251
17581 -22882
-60150 32566
496 -40716
-79145 18380
-83041 10686
-29625 54123
57607 -44813
-75512 -43245
-27649 -43425
78292 -18094
85188 -20964
80156 -36847
54534 23764
22978 99567
67812 -60607
-21193 -37304
85294 -19150
-84113 57478
-44638 -32146
58210 -28854
-66561 93388
54569 85906
70898 46226
38093 -4197
39805 -18317
68725 -90841
-50898 -40083
-58856 25554
5657 -38141
12611 41724
54207 -74196
-97794 98040
5926 -27708
22591 70126
-84754 70836
82518 -32964
73583 49986
-69546 41409
-67068 -41270
51442 -19194
21657 -10358
-73399 52834
59681 71691
49776 19415
-78440 -2437
40208 58207
-3931 1388
-57800 38520
85151 -6852
-15795 -20321
-50045 -14935
46547 -37692
17510 -2686
62238 29026
13514 69931
19846 84340
66598 39105
-65876 23434
2569 52541
82518 69954
19583 -67037
-57303 -90792
93467 -76064
2187 46593
79152 -15616
-93405 -8420
-30418 -72787
40142 -40041
81548 50281
-4362 72628
-37339 91162
97925 -54970
-52939 76201
74842 82893
2363 98770
-12233 14251
-96723 -99916
93737 77703
78732 57443
59928 -55591
-48201 -83770
71123 -50571
86196 66164
96987 -8581
37132 -97806
-23597 -44020
-77705 -10697
-18616 -39179
-59989 20128
-43362 49716
-65790 57773
86185 69781
-51807 47888
-92636 38232
27355 -49854
-37569 -18223
-98176 -66541
71882 99043
60766 47229
8080 45272
-14066 25505
58710 38859
91602 55797
8461 4131
82329 -15842
15939 19091
53449 -3630
84395 21854
55605 12808
45160 35670
-11195 -91147
82499 -52081
-47711 -34046
-37709 -71058
-14398 -14978
-20874 -93242
95510 -71286
2478 -66482
39043 99655
64409 36053
83412 -46658
-26979 11205
-83702 -96963
22922 -1329
45919 56007
-80223 25310
-31913 -46056
-8134 -60602
-35954 82833
-32579 32449
-7656 -53687
8221 -1084
-95246 21687
47929 77654
22193 16385
44443 -1260
76905 -58765
-21801 93458
38531 -76272
-14631 -20480
28777 36249
-38073 12527
-58544 -58431
89743 -70769
97504 81889
77126 43784
-83384 -97236
46797 76591
2333 75365
15856 46897
-90410 -7275
80792 -93200
-37874 -86210
89363 -63803
-40341 -67619
-51315 -67585
-27480 83079
-5619 59256
-54437 -97562
-61664 -24116
-94155 -48561
34922 -58124
-56329 -42361
56929 -28885
-43884 -6409
8201 58371
12756 53411
86606 81334
2954 -56423
88724 -26217
-10277 47009
45345 59336
-3093 90413
2154 92705
-7018 -26163
-25087 68843
-6460 72512
62701 46648
-97426 -47372
34018 63333
42052 -53142
-63481 31772
-24344 32645
96177 9165
21481 58294
69854 20166
40739 34824
-61341 18556
32922 -22728
44983 -51625
47642 18506
94877 -27604
-11912 -34701
60789 25382
-19063 -59302
66286 6227
-46991 18121
-33853 63237
50997 38311
87831 53034
66719 -79265
-28199 72254
-80871 85597
-29500 -39899
-72217 51765
61870 -28315
-13993 16424
57521 -49287
-8089 47753
59124 -49312
58465 -95670
-20056 -83417
-32487 52497
-12403 -88034
59875 80856
11304 45219
-93404 22346
-36453 40450
-64459 -30861
19152 70514
-25449 34916
-58502 -47287
31791 -89986
55567 91129
60498 11721
-49568 -23993
14667 24218
-57493 98024
-20289 6317
-20564 -13379
-19498 -77171
-6634 69841
-51034 97450
-96407 -28263
-46186 -11252
58551 98125
70706 -26142
32599 94066
12443 76254
86279 96902
16822 -22281
-51529 96547
-85132 29859
-6053 38675
-89681 -16261
30445 51269
91182 58784
49250 -18203
-41384 -43473
-34267 -38872
62767 -79866
14668 81593
18432 -21260
-3653 -8897
34915 81710
53854 -49069
72438 -46150
-76952 -33604
29513 -69686
-77639 -45070
76248 67787
31414 -91265
-98464 52866
77790 -1584
-98955 -77011
-3873 -94972
-72535 -16551
-40180 10813
-71752 -32677
-76601 -41792
74237 8895
26336 78435
-66524 -67722
-31924 41352
-62184 19696
66998 -44379
-39026 -61019
8304 6939
-239 -6740
-54197 60228
-1234 -37300
-86487 -19080
-56865 -38353
-99894 89131
86114 78929
10975 -98758
-59478 -49946
28786 57913
20445 -51059
-8526 -90577
-35385 -61323
-48846 93998
16491 -20327
15208 -58714
-92630 -49484
86480 75810
86355 2317
-34431 82414
-42178 23196
-88737 68372
39541 -35307
-6265 -26624
9266 -66728
73250 -88848
14644 22482
-52118 -73314
-11421 10290
64493 -28729
-32316 83831
-97593 -52623
-63014 32413
36749 52367
-7808 46750
-16175 -36222
79195 -94741
-19524 57168
-16705 20227
26989 40549
-24944 -73344
-221 -60247
-52828 -16775
-77631 25406
-73739 -65168
19057 67184
20385 15366
83438 -67318
-8358 -34175
95163 34111
29038 56304
-72416 -22611
6121 -55934
-34984 -32109
14756 -21709
19416 -1856
50394 89996
-36858 -10053
67678 -10565
-59311 -79740
17306 -48994
-37573 -98051
92284 48045
45308 80515
-95626 98041
-97283 54191
15659 -98770
17347 -39224
-36411 -12726
5959 -21796
-36868 -98074
-29778 16381
69126 29047
32447 -88629
-21562 24030
-79505 39477
-90100 90636
-35789 66552
70524 -74532
23988 -21168
78598 -25036
-47099 -93003
48742 16
50935 -43514
-44519 -97237
-27387 47432
-67134 -80924
-62802 50217
-10315 76440
11136 74002
56812 -76187
-23821 -28569
66918 42441
-4611 94624
-65322 72841
-33094 -45631
-96502 -96616
-76219 -21754
26748 -61939
92070 96692
-55041 83638
-56697 25775
98678 -75733
69387 -73796
-49960 30873
8428 59235
97126 -14918
26034 57425
-17819 -17796
-67915 -2151
4969 63525
