100 24 7
10 -1
-5 -2
4 -10
9 -2
0 10
-4 1
10 6
6 3
-6 -10
0 4
-1 8
8 6
-6 -6
-2 -4
-6 -10
3 -8
-1 -1
-6 10
-4 -9
-6 -3
6 1
-3 -10
-8 9
7 0
-9 -2
7 2
-4 -3
-1 -2
2 2
9 4
-4 0
-10 -1
-2 -10
-1 8
3 -4
-7 -8
-8 3
-8 10
6 8
7 10
6 0
7 9
-4 1
1 -10
8 10
6 -6
2 -10
-7 -2
2 10
7 -8
-9 3
5 -7
5 1
6 6
1 6
6 -2
3 7
-1 9
-1 4
-2 -9
-9 5
0 -1
-2 -8
-7 -9
-6 -5
7 0
-10 4
-4 9
1 -4
9 -4
-3 2
7 -4
-3 -10
-2 9
2 8
-5 10
0 1
10 -8
1 1
6 -5
10 -3
6 7
2 7
2 -7
-4 -5
-5 -7
-1 9
4 10
-3 0
3 -1
1 1
-10 4
6 -4
-4 -8
-5 -5
1 -8
10 -4
0 8
-5 -1
7 2
