100 7 2
6 5
0 5
-1 10
-8 3
2 5
-6 -7
-8 8
-5 -2
8 -5
6 6
9 7
4 -7
-5 4
3 -3
10 1
-1 7
6 -6
-8 7
-3 1
1 -4
-8 -9
-5 -5
-3 -1
10 -9
2 8
-8 3
2 -6
-4 1
-9 6
3 -9
-8 -7
-7 -9
-6 -2
6 -1
7 6
10 -8
-8 7
-5 -9
0 5
-9 3
2 5
9 -9
7 8
3 -2
0 5
-5 7
4 8
-6 0
-6 -3
10 -3
-2 -4
6 8
-1 -10
1 4
8 9
-4 -4
5 4
-8 -8
10 -7
-5 -8
9 -8
-4 2
2 10
-10 -8
-10 -7
2 -6
1 5
-1 -10
7 -5
9 -6
-9 9
0 -1
-3 -7
-2 3
5 -6
-6 4
5 7
-10 9
-2 5
-7 -3
10 1
2 -3
7 -5
-6 0
-9 0
-5 3
1 -9
-10 3
-7 -6
6 4
5 1
1 -10
8 2
-8 8
1 6
-9 -5
-6 8
0 7
-10 -3
1 6
