1000 591 96314
-2217 68920
-87015 -68159
42754 7624
4785 8945
51853 -12083
7194 7274
75010 75661
-34480 80731
-60563 -29050
46587 -67246
-8522 5799
-82164 -77348
-99904 -28596
31787 -62286
-88871 -70569
-83279 59967
-62188 47758
-75263 36597
86129 -13038
33007 -82142
-11485 88665
-96877 13595
-62768 1427
-93245 11072
-6323 -16242
54341 9725
-78140 30388
-93198 -87859
-23926 95477
-80753 69153
-13989 26734
25921 36124
49388 51833
-32272 58611
72295 44833
-39344 -97460
15396 63068
-60041 73000
-48129 60876
81255 26933
-99542 8085
94021 14668
94529 50503
77014 78493
-33436 -66728
94870 95686
-46308 78494
45975 33659
-86171 -80370
-9975 -36630
-32736 4164
14991 36699
23796 93133
-20766 -42958
66560 11291
-8124 4115
59792 -78521
-6447 98085
-81820 15023
-78754 -86742
-34860 -57970
5060 61283
-78769 93552
87656 62765
82253 -88652
80998 -8196
62854 73498
-78296 30482
-96593 42099
5609 1039
5268 -25074
-8270 -63884
-5449 68229
-62514 5407
-5364 -14384
41928 15893
55333 -78028
33834 50280
98464 43718
72672 77698
21952 28432
-44595 80661
78357 -40272
16119 -98698
-7802 -29103
-41976 60275
34044 23562
56268 -98121
-74413 17318
60754 -67021
-21574 -36102
-56967 -38835
87641 35983
-95344 14557
-94730 -7180
-7462 45762
-85020 51406
-26610 -49939
85493 -36416
-82877 9201
10960 84764
-31307 86760
71786 97376
55603 -29043
42157 -45227
-24070 -6111
-38344 99096
-44378 32095
-93521 -55326
65189 -91948
-46423 -22779
69217 33609
-59368 -54070
78491 66537
24625 -21202
40270 -27041
88079 92039
67545 22901
200 49984
31301 -56918
30904 -61094
-4389 20079
67198 -42583
81378 84820
57100 -98988
-18838 39683
64766 16614
63160 76031
88048 11350
-43642 -66773
-45196 77020
78348 -7391
26957 27698
-8519 -99048
78983 7991
-50259 -30792
35036 35489
99611 41577
-17114 -78587
-40489 -24624
86623 -97008
-27550 -27174
63286 59570
48376 95445
30524 64877
-16064 34774
-76733 52476
81351 -68463
91240 -35946
-72718 -91661
-61399 47329
24339 -63378
-41829 -29922
-70424 34502
-26314 -79320
-24204 24633
56950 6226
-27303 65384
-63171 58142
-44076 -31135
25129 54248
-33042 58340
-35518 19011
-68844 -23998
-9631 -66590
-71696 -24122
61606 -18136
99453 -1893
52662 -75787
-85517 -41301
99190 66710
-91414 68330
1402 -80457
-14879 5005
94190 -95069
-41039 44780
80326 16199
-21466 68296
-25620 -9708
-32729 -1852
-14971 -6537
31407 -45571
-99076 12919
-88640 76837
-833 -78263
12689 -41525
-32799 -689
12770 -61074
14174 -1635
-97748 73996
93535 94783
-16651 -20750
45416 32296
29996 -76341
-56877 72364
74045 22447
-6937 77201
-17313 -93181
99325 -57507
96939 77352
-77768 40822
30468 52767
-4360 36348
-6779 3277
34025 -76847
-52633 -63914
78495 -32327
-1112 -79920
-87860 -33329
-21564 -68616
63919 -82814
99396 67626
42596 -72215
88857 73707
-93900 -19428
-47901 -68672
-78658 46558
-3322 -35043
-77867 89415
-10626 -46391
85943 80936
10359 -18881
-51782 -75019
69272 -86562
-46893 14438
-36783 -10548
-88505 -99216
-81412 95054
39111 -64878
-94402 80865
89582 -27597
97832 -4978
-34846 -63508
-51443 60884
59397 74650
12864 -26031
66730 44563
-64712 7119
-27329 61677
30768 71119
32886 55851
77253 98122
-85961 9154
-80163 -87084
-80966 26362
34124 49537
43035 5977
-12085 2469
-81521 86414
-9167 -73658
92935 6507
-45292 72253
-19732 -47741
-77916 -35041
-65834 83192
66785 7887
4229 -21449
72468 -99043
79318 89192
-90017 83245
34872 26818
-14708 -84359
25664 -91682
-3984 -38424
85069 -68785
33967 91332
-7234 -44277
-36340 -34689
46190 -91077
56990 -41795
-35761 -22716
-79193 -95259
29523 -17969
63341 4422
-39814 37398
-90197 -48693
-34449 -80133
-85141 40663
45843 -56321
43891 69325
90183 -39918
-19139 -10805
-69516 17431
17193 -90454
-46503 69097
-13232 35412
-29334 43210
47331 53005
-20777 56623
4378 23921
56761 23983
91756 33181
28862 87211
-75775 -33019
4975 -31252
-79224 -86856
82 -57411
33329 -17399
14625 -14205
78641 -21435
-10472 -83049
-7251 17812
-39704 -23081
-52097 -41735
10244 -46931
-50986 -79228
-81442 22102
7246 10901
47909 56050
38125 -70370
-94744 -18767
-95455 3654
-6244 88784
-68188 -24116
-3795 37454
-73558 -24547
-13631 -91661
-34755 47974
-39022 15613
28 90389
56380 -78730
-39167 20930
24286 79702
15000 59728
74154 -115
-41025 -16746
41523 -88962
-16198 -93317
46339 79327
72794 45253
92679 82551
85764 70504
-69765 85329
30162 -50508
-39698 -38460
-86299 -12126
-19583 -90837
18626 -55870
33148 -32608
73909 81836
-78519 -86874
-23124 54017
44018 70487
81657 38523
95905 -99054
77281 -99887
4399 58399
-87273 -36159
-9494 -60224
-26679 -71523
87369 77427
88244 14834
-10739 -80830
-79825 1412
-96724 -64992
55542 -51934
70129 78425
67451 -15258
-56537 96848
-15998 -9456
86899 71576
-99643 -10337
-4233 62782
16781 -35694
92229 -29642
-89558 80481
-69569 -88620
54528 -9879
-36403 -65444
83533 32032
-64968 40042
-80022 -77944
-40496 -13437
45341 -26736
-85138 89059
-79457 59334
-37793 -91540
-82283 -97608
-34391 -74817
2451 6719
39570 -15894
-82784 -88544
-38585 58080
170 80253
78265 -52098
36552 -31485
84304 -99965
-66696 59450
77709 38861
60298 72968
29476 -21025
-22261 64415
57267 89350
12590 -26558
46915 44822
-90090 5354
-1005 97695
-2743 -81177
-80089 55521
4699 -5088
39970 44659
-11562 4843
37604 82174
16631 62918
67439 47838
-93124 96853
6937 29344
-60661 -20336
-6972 97563
12842 12007
28407 -58521
-79661 25778
33647 24002
-19533 28705
58950 56307
-15701 59751
17912 -74608
54195 -47735
66336 49362
-24778 24900
3674 2471
34483 -6514
28387 58906
52335 63148
18015 25727
92448 46357
-27451 -52394
-46410 8790
-3697 58116
-77902 -46210
50674 66783
17993 -39905
97153 -5365
50361 -22662
-71896 -12238
-89712 90242
97017 -89519
73773 -46409
85630 16639
-93535 -91099
36848 -2994
29971 14022
-22047 33543
-58478 28178
-3732 46504
3566 65874
-89541 -73473
-27224 -88513
-2683 -32822
-88798 -10381
5194 14675
36233 -24558
42095 -14973
99609 -84614
28944 -5430
79292 -74217
-61504 -35376
60368 44171
42397 -9921
92525 97625
-99898 3474
-47433 -849
-76439 -8185
44722 -69829
-73001 -87028
70263 30068
-98076 -18850
70566 34301
-75135 -66584
-96192 11852
-24737 -34226
6939 -35451
-50470 -42434
30167 99597
-73359 90920
-28288 -6876
10859 -83487
-12888 -70388
72769 99416
-76271 95581
47292 -64454
59847 -85790
71195 -97014
9605 90988
59691 9888
47537 -87583
-32331 -89703
-5605 68751
21427 30282
-77876 99499
10160 80724
-48544 20512
-57628 80942
37180 -68134
60352 53571
44933 -40083
88959 78538
-19840 -64911
65860 18074
-84036 -7786
63239 -65250
38557 -70322
-67464 -5242
77608 -94240
8703 37822
-59924 -25038
81874 35448
15328 40928
25162 -67736
-25628 -90863
1141 55696
-47362 43943
-96048 -51354
73465 -30466
12783 -39423
83281 -16413
-47635 -16250
-35890 51077
-65182 -83380
-61565 -90994
91061 34456
-92488 -1209
-31872 -94025
-12302 -85478
-74192 -56590
-68141 -9239
91048 -96693
-74769 5926
21294 -59907
22095 32367
22668 83622
81060 -81647
48509 35440
-56410 -53630
-7318 -29109
66013 -40809
-84765 -92005
55227 -93623
97613 -58293
60229 -20153
-23451 58491
-68085 -17757
57073 69216
37894 11309
-10273 61466
-23982 -64130
48554 -39473
-577 -14320
-3736 68165
-93650 86433
-97892 34888
47686 96792
-37602 96679
52340 12332
67155 -43665
54560 -21961
89146 -29476
-77460 30209
-29683 79614
-96188 14667
11378 13847
55421 78485
25462 94225
3320 9980
66090 -15074
61660 42959
51628 72791
68183 -66224
32967 -87606
95151 -40051
70047 -17845
-76054 7445
48618 -66372
-81584 32488
-58137 4451
-33691 -32468
-38653 -63453
32344 -40833
72152 -85526
81449 -79235
31087 -46050
-89281 85103
73976 82139
-947 -29341
87744 3974
62701 -19290
-69464 34399
74423 -17046
6535 919
-25761 -48835
-64574 80732
87911 -82874
-35049 60227
48158 77386
57420 -4797
-28758 -66853
48425 -99946
45621 25648
-70009 86342
-91093 -63029
12693 78074
92857 -18201
-10268 59061
-30045 71885
-38847 50715
49376 -92863
-16206 -18373
82711 -27403
-95285 -45863
58079 -98388
-30333 -87741
-45569 -16773
30178 44756
25144 98635
-38783 -2114
-87928 -81701
-64496 -95508
-62090 4417
15 66795
-1520 -41404
-26444 9429
96266 1705
61582 29057
-38404 -18970
-66358 80390
-31921 -88726
-60166 -80011
-48293 -97168
-48007 36389
-16967 54389
19098 76984
-25972 83427
10175 -92643
2650 -48298
59654 -60608
90784 -9074
-6354 20382
-49765 8589
16511 -77180
50295 -90796
6981 44528
94624 59609
31932 -94351
-83322 -65243
-4338 57589
-14597 -52991
-71260 -70601
64360 32643
-81593 75023
-36939 59055
17144 48421
-81434 -84499
45289 83457
47191 -41784
-83988 -11485
-8570 15770
-26777 -10863
1592 -83912
55119 -4842
-87658 82070
-99312 52427
-51143 -1667
26786 -79591
-1414 95900
-53165 20669
80979 14772
-5146 -87925
16868 -80077
-7468 -50211
-43089 9610
88188 17560
-51545 -62273
96377 -64381
-84317 82312
-10961 44795
-6874 7916
-4537 -19424
60052 -31762
44011 -72085
-7779 30298
53044 70077
17359 16341
-26254 -26167
93491 -64341
-72440 40279
-2362 -25218
-65056 15526
64887 33723
88546 -32516
22102 11965
-16432 13609
15503 9313
-43175 -51177
-47820 48046
-18956 -49789
-75491 -57669
15758 16169
70909 1877
-18238 3027
-7265 -54046
-84022 -35535
-2314 26756
87357 -50206
79929 -97017
-40837 20253
84655 -62687
-18949 -98206
-18721 63623
-63252 -93835
94349 -48256
34653 -40166
-54138 -8308
74724 73453
98022 -27422
48492 1190
76178 84053
-55134 -70116
-26210 -88729
-32248 -38257
-31964 -11978
-44571 -22532
44758 -36763
-68728 24339
-99729 -87026
9080 97047
-98312 90400
-93805 78091
-87998 -17595
56257 98720
-86573 39318
43628 -85280
48870 95128
67245 -56180
96857 -92250
-72804 -59320
70621 89367
-66657 44008
-50515 -91370
-85749 20622
-7176 -87171
61017 86054
-65383 60596
65142 27503
-18974 93429
31464 -16984
-18059 80069
-13669 42098
-80908 17270
-38863 78356
-33611 -88606
-1318 -93547
60225 77759
-57615 67462
76046 73405
-82208 -95047
55233 92271
-95958 98193
-50910 -72551
-44946 -61723
23564 73276
52469 27595
-91945 -12140
57697 30911
-44514 97529
-59427 -31702
-17162 63272
-34622 -46215
18850 97774
-38940 70887
-98219 -81897
27368 -35356
-50189 76528
77302 76412
-52489 -75162
46182 45145
-8727 20392
-94803 78944
88036 -42975
75144 9938
-54140 15299
-29313 -36760
-4592 22416
75203 75184
76957 88165
99252 12674
15627 -91390
51392 -97390
9285 61564
92936 73189
-8814 -97258
47555 41957
-91004 -70340
40400 10913
53846 -50320
68733 61164
-43608 23284
-51003 72923
-25653 56185
85084 56383
-31967 76251
-94378 88200
27437 7703
86893 -91586
9816 93426
-94269 57830
25662 -2184
75044 -97021
-45563 88874
-63620 -95396
90940 -88149
52427 -39442
-7445 -66894
-67911 1310
8104 -39649
80968 47188
50868 -46685
97859 -57758
-81613 -43111
-96873 4378
-35639 35118
-86777 53741
-44548 -12571
49665 88202
-72876 -82631
-29680 -6386
62166 24775
-73666 -74735
-87445 27623
98083 47880
-64604 3737
83992 -64133
-92398 -97731
-22928 4563
-30901 -42764
-65926 31390
-69984 -2151
-82267 70455
13157 -22663
49992 51773
2633 91006
-7212 95797
-73253 -18081
-23561 92074
45687 43548
-2725 14964
-21561 65803
-5203 -79790
58052 -68985
52718 -97205
-77097 -94726
11020 -82437
-15662 -93903
-58599 -86667
88519 -94412
67303 -97655
96821 -30042
-83806 46310
-98665 1178
70812 -10315
-17200 54612
26257 85361
-79329 5188
65750 -31798
-86289 -58686
72510 88808
-58384 -28222
76186 -49992
-75296 71250
-71919 81585
-85129 -52567
-85052 -38202
98325 95282
-14705 81141
-67622 -70171
-54266 -61673
-30431 -39854
-4189 -81709
-49058 -63686
69565 68978
-44345 -83059
38151 -27260
-23178 60770
11198 57643
-21209 -1249
-61466 79054
22299 -42075
23564 -34810
34906 -25589
-22448 4748
79785 92883
-61128 53077
-4297 -14274
95038 36122
44017 42261
84284 80369
92955 7480
-91971 -7140
-57021 37601
15179 -29639
-80515 39355
-52815 997
-63683 43357
-58276 -52916
-97493 -24668
-18334 58924
38507 -43912
62455 48961
-11050 66398
67337 -77419
-22540 55722
89781 96865
55427 -89130
72362 17221
-8238 45281
73995 24509
44893 59075
-4484 23791
-14786 -4289
39146 76823
61224 30236
-2108 -23546
-26763 -2030
-74105 28297
-65980 52002
17340 71451
-6383 63523
77005 -56392
-38128 80105
24105 -82400
62343 42291
-30268 96995
2886 93007
8746 42700
-27120 72976
7808 -29109
46617 -5786
-73722 -30249
15234 14688
-97241 35929
19016 -92096
80239 -67678
-30391 -52222
-33838 67027
36642 2890
-72211 -116
42551 -37418
-12435 -88510
-76260 79205
-84503 -37369
-52327 83086
47032 -17534
-31794 -47663
-21520 83251
-43283 88930
-39388 -82075
73567 83850
-61807 -39173
-91149 37622
-97969 -6217
77019 -49344
-33524 -59015
48539 -73901
-40315 75029
-28707 41783
-55233 -36880
-45672 33788
-60768 49880
64796 -11039
43829 -38521
-33466 11107
-23014 92713
48807 -69144
-24257 -86835
-18980 -98306
-63752 -43144
-4621 -13140
75977 45599
-46604 96836
23931 8502
-39697 -19431
86521 -18762
-35577 95049
84086 56109
-58107 -98048
-33700 13451
63859 -47526
75386 -39173
-92754 65847
-25588 32731
59107 -50772
-86397 -73091
-94308 98023
-33923 45758
-85090 73837
94337 -30174
52271 2090
-81757 2770
-51349 -71536
-41020 28643
83175 54039
