500 149 15024
-50644 -16667
34345 34875
-15177 -17037
30919 -25125
36401 17809
-67774 44026
-62977 9417
17106 -20101
96127 76583
30305 -46761
45073 -24068
1881 -53955
56213 85890
-7140 -68374
84741 -89149
-27958 28960
30492 97708
-33730 53474
-60659 -9051
-12767 -22946
20535 -33073
-30396 78737
85272 3444
-60544 -6079
-9409 32796
84709 -11747
25725 -91210
-33494 84620
-78801 63643
-51294 -76659
98419 11110
-57947 27345
85796 -75964
-69319 8065
55616 45367
68892 -24661
31050 -32853
77529 96681
-77162 -67579
4414 37976
-76600 -60536
-7122 84955
-24324 64089
-75064 62279
93879 99182
70150 99080
38165 21325
-77736 -79042
-62695 -7247
-48252 77381
-70367 -87861
64713 8953
77480 61739
22131 52364
-60943 -95810
-63033 5212
-54059 6763
-36568 81494
-70452 -57500
-46653 69346
40883 -24388
-77385 24195
-91895 78606
56923 -81574
56620 92574
1864 34979
85147 -52782
34437 -23002
27024 3023
-54618 -14660
13134 -56439
14036 -54202
-18920 70268
-55641 -52690
60092 -75699
-5028 35021
69614 58796
-69165 -53091
-75138 -49115
25156 78887
19774 34547
-92335 94824
58971 67478
-79039 -62123
90283 -9558
68860 -15118
-37054 -5005
-58840 73020
-69623 -98256
90250 97608
-81307 68907
99229 -3733
43009 -82679
-83094 95442
-51724 22940
-9944 -84239
-54247 53369
-74810 11356
-91647 -83070
-74777 82482
-96993 -60499
43137 -20904
-46250 91855
93259 67582
-84071 -86867
-53926 13969
71045 62386
19894 -28077
39873 80864
-99310 30303
11928 27869
37138 20942
-88734 22384
-26928 -90388
73778 -67258
9787 73705
-51413 70200
-13783 -3693
-6322 -78593
84026 -95907
-44410 -17161
-39893 2236
-66588 19798
8160 50311
87670 -45964
9708 3962
44016 -23611
64327 24554
-5048 75455
-95577 -64491
-76444 -58902
-70924 65658
28568 36586
65663 91631
9854 59612
22648 -77842
20262 22571
58996 92083
-75683 -70807
2268 -95808
-85839 15037
-19759 -89185
-50585 -44701
639 -64403
90041 -86859
-48178 41137
77798 -27505
-42406 -84825
-6826 98160
77309 -84665
-81005 -37811
-63940 -1658
-14145 51420
38413 66595
52472 7898
53892 57558
63164 -75769
11521 -29722
-2893 -71562
46814 -65796
-20277 6276
79322 75975
94916 26548
-46408 49329
30121 -56308
-80050 68490
21504 18565
87251 -94556
-69913 -29136
38185 -70146
-74307 -11055
13401 -31852
-98272 50925
11671 41829
39339 -3170
75756 62336
-91543 36000
-47386 67749
-93467 82287
-74069 18205
-27128 1191
-29187 23226
-81114 50093
10295 40799
-97277 8745
-76159 -91705
-93644 -95750
56706 86733
-65734 -37715
-10097 -80135
10180 37053
-74402 -26937
-74788 -59663
70619 2688
93737 39953
-45545 95763
82945 58447
-33530 -66607
38329 -5397
931 70917
75044 49341
83272 -51261
11954 48224
59684 -45313
62552 51116
-4390 -80524
40071 51464
67422 -55375
22809 -92632
10967 -81075
20664 -66215
-69238 -32182
40588 -59147
84490 -36130
-93611 63958
-26188 -14762
69969 5723
-8324 50477
-96642 42661
-94561 -38615
31409 -29683
31709 55932
16551 23022
-24908 56846
76924 -87098
-53290 -45488
-46651 20235
30388 -68205
88781 -19371
66447 81604
90369 99098
39542 94742
26126 -29114
70612 86537
-7755 47777
12762 -72634
70307 15241
-78645 81902
19199 -49750
18870 -39470
84729 -28992
39469 89672
-237 -36997
92888 -90195
23140 -7759
20130 79610
-12187 -28606
70054 -17293
17826 -11675
94376 -56374
-4084 -20367
-35959 -36918
-83175 -76586
11312 33848
79375 -51884
-80426 -32126
-45907 17393
9546 -12876
87726 49791
-8144 11556
46795 -71881
-32320 88460
86506 88580
-42750 -55626
63362 -37355
-50977 -38734
-60594 -85036
57937 -79400
-23314 -21681
17060 -17250
49241 28743
1089 -20273
-10675 89654
-78260 -95113
-13345 -4380
-8878 -7274
-322 2537
-94821 44667
96149 93894
-16629 -2573
25055 10695
-6224 -60729
-55508 -26586
39770 -65281
-7017 44882
22010 -53102
-20926 63071
-84439 -91980
363 43935
29794 -99226
51227 -53842
-13414 44652
91124 -37045
-97613 33641
24249 93771
-89897 10912
-81493 -9933
18100 -9175
-70772 8779
21821 25254
-76290 -76000
88923 -77228
34448 -9488
31139 -10303
-76262 71052
-65331 -42391
27763 -87893
-34261 -80488
63528 -98509
45184 53173
-78922 -67361
-93383 -93642
-96603 27399
-77680 -64584
19081 -67580
-36122 -23465
48237 -89212
42732 -95847
94831 -83777
74956 28067
34164 90574
17992 -90091
9719 -14832
-36276 -5881
-82343 6884
24407 -16654
-18295 9175
-72625 25444
-94957 32613
67838 63084
-26384 31744
73033 -96340
90355 -79821
-80107 89816
-42835 -98694
-1555 -30384
-66939 -13747
-17689 -74629
-93810 -38564
-10051 260
-21635 24106
13985 -89234
-32064 -24248
24052 40495
-9626 -54492
75863 28792
84944 64693
-92007 -71070
-10690 -31694
-48899 70508
-95364 35341
93984 -97758
25500 77135
90224 4143
-96174 15470
39894 61332
63197 11560
-21860 6835
1207 41215
-53866 -22080
-29677 -88263
-6248 40272
-37396 21610
30035 -43307
63543 -50382
87100 -22912
-42822 79967
53869 -63855
-37312 -57011
44278 41795
-60437 -90952
82023 -85705
-49439 -42303
46495 -61960
35803 -55933
9035 -60235
64035 -55888
-56165 31018
53744 49815
78072 97766
88213 -10796
-56148 78744
-45401 -74514
67410 95689
68934 71530
86129 83935
-14501 25610
-84148 -96024
52271 -58449
44581 -94634
-75168 81576
44475 47506
-22812 35988
-42807 -27102
-74704 16804
-10569 70623
-28542 94122
34021 72948
68229 8944
15224 86528
58700 -75442
91392 -78592
-28308 -7432
-95412 79397
-23077 80316
2908 -9512
38126 -2285
-6052 -1310
39462 87951
-11733 73578
74102 -31806
13766 58540
11849 86788
-42857 -95506
-91548 20348
-95938 -25427
-94178 -22102
-19113 -38777
-56060 75000
-51480 -11236
-70414 86698
51687 59472
-64456 -14172
27399 -21754
-99207 -19236
-73359 59761
-50061 -91054
26945 -19096
51118 -71207
48462 -51663
-68587 25030
-99481 60157
45144 85360
10532 -54546
-13907 -96685
-17652 32775
-80765 -18222
-93525 -4524
-94644 -31390
-43550 29312
-31887 -2225
52846 -31808
44079 -62738
52968 12744
53736 -74164
67473 -20949
15157 17225
3094 97548
27264 13158
87076 74673
-53202 -87563
84489 -62127
93439 -42451
-6255 -53322
19856 4567
39299 -4356
-45671 60008
-16392 98093
2115 -98713
-66864 -17254
50406 -86287
92113 -56278
13041 -23013
-46723 7594
-49166 51886
-15953 -69717
-85652 -6174
98376 -21192
46289 -869
54464 12556
13915 -32964
91191 -97974
-37006 70857
-27956 17496
85820 -46326
5766 -58953
20293 -46477
80483 78352
-59941 46666
-33739 -30458
-24717 -98348
-54784 -2033
-24416 -81040
52424 -21323
-1437 11041
-28808 3194
-13994 -36444
-44423 45712
97862 38734
-66997 60626
82532 71219
5444 38389
-48970 -94356
-19815 -25069
-14418 -28750
5707 -70794
84392 65716
20880 60895
-20865 75596
-88733 2867
