500 10 78482
-30655 -79409
-30589 -47367
-29188 60839
64363 63913
-4324 -65462
36479 -2760
88999 56491
99275 -41159
1727 -95014
58958 -11254
25519 88475
88185 92601
56939 48577
33287 -6819
58562 37051
-59617 22087
-23739 93992
-95453 79438
-78791 38623
-38291 11724
-74172 -95800
-64046 56954
-31238 94725
-86771 64113
-62068 -39522
75789 -98567
92399 49875
-55363 9352
-80027 -38836
-28318 72455
28096 6905
23407 35466
-6732 24678
1648 59857
69215 62813
98896 69951
23173 -63206
92417 -97510
-82290 -83695
6738 74363
-67146 -99560
-29073 -33562
29360 -30769
-62266 14925
-55892 70422
660 -54448
47991 1306
68249 50080
-16948 80501
-95486 34374
51089 -8852
42412 -52050
76932 73367
-74769 17962
-89266 2797
96744 79000
39223 77687
62128 -94607
28804 -14061
-72838 96353
91233 21939
34606 -68716
87784 -72385
-67469 -54557
17542 -22390
-13200 -17906
59728 34541
83942 19986
1725 97086
-83997 -58412
12889 91942
20732 8456
-88734 -47981
42265 -13998
-95625 -3394
67291 -30174
50666 53338
-30545 25870
-53358 39890
13387 22886
-74340 -12444
-90891 -43310
16630 66808
91829 5068
-21019 99502
-96408 -85618
28940 -58764
-88736 -81594
78 -17858
-73010 -57391
-70113 62694
99838 38652
59512 -5241
-46691 -35845
-55428 -5172
54546 87696
-77647 -74463
-55276 78112
-80186 17484
63738 75284
-41419 30662
2466 -69266
-24201 25922
-33466 57005
91883 -48539
-4533 11090
-50572 -68992
-9133 71622
-71372 33678
12158 1513
36690 2991
81204 -56896
-64349 96245
-51180 -22592
-23226 -22832
16042 17127
-73031 -64796
62072 6418
-64146 66502
45387 -16106
-63807 44828
40631 -44245
-73001 -89951
-72811 -68774
-71948 -89995
26318 49606
-53846 44658
-25475 -74197
-90284 -24493
-74633 -2225
87776 -30724
2691 24006
-84018 -26302
-2778 -81199
49044 -80916
79352 945
-3150 4698
78326 -40815
-72293 -98177
9209 -31075
-90904 -85054
-16377 26174
92186 -3920
91960 -72207
-32011 -96565
32979 -41333
30025 772
-62129 6112
25596 65349
20267 14027
-47991 -87301
-69117 -2499
63288 -21506
64479 84770
98452 31973
29978 76635
-14624 -47268
-99030 -40369
1472 4342
-93372 70563
-20345 -64608
-52349 253
17621 -35122
-21754 -65920
2565 -75256
-52904 4736
-67808 -23171
85035 60853
39746 -8052
62172 -9831
-7058 -99625
93805 -58725
-98194 66579
26507 36765
74739 21166
-71448 2325
27368 24671
-96160 42782
-5197 -77816
66790 -98650
-52957 -9362
-91057 -2201
-4738 8715
-22547 84651
-30541 -7671
-41331 -75156
73971 9760
-27793 31354
-90292 -49443
-4372 -73303
-8023 43403
98252 49757
-24114 -87957
-70604 -36332
-43133 17684
35609 -15598
-48116 -11746
79632 25894
22858 54223
-60539 -29189
66765 31820
-93189 -77277
-42247 -45135
-63819 -82696
-22970 54037
31829 -13280
57480 -73098
73104 -55174
90946 45125
18972 -90796
-95901 13417
-83696 -9493
-14537 3418
-76126 -51928
15244 -8383
78395 -12709
42780 -26367
81700 31947
-19234 -44679
-31926 -89970
-3552 -52020
84710 -98783
92389 47859
89876 -46081
39389 -63706
23204 -52413
-91774 26960
52062 88405
-42815 45890
10040 -12050
20736 42878
81033 88520
-49280 -33955
51838 34544
18667 57010
-56868 46466
59031 45745
7879 49765
-17171 -95551
74623 -32331
96394 -21207
-89784 -30419
44611 87738
-34427 96646
38754 -76710
-67499 -91285
90204 68942
57269 -33919
35555 -20682
-61390 -91069
59035 -43739
15393 -5241
7777 37958
39233 -32129
92895 16755
27464 45115
85670 59518
32187 -51424
30534 5380
53139 -21435
-64024 12464
63496 1429
53881 -30362
-26211 16057
-56603 99441
70391 57189
36636 23762
75361 -55523
75343 72312
87233 -80573
36913 26513
-8562 -90697
-51474 11501
35528 72925
10649 -56847
-59134 58916
76993 73853
64103 -91244
-27992 95835
-26508 97680
51429 -9558
-9552 -38294
-48954 -29259
-14325 -68864
5608 59068
-55964 3852
-83045 -32176
75005 67577
-1129 -11340
59914 -99988
45155 -2746
-67711 -81099
7872 -69757
-84294 -90740
8250 38263
66899 57037
-68214 -94510
-74601 -88792
-60020 -58266
-54757 -30133
63694 -61733
-85183 -80470
-61542 -47525
-72701 -43065
92308 37851
-33382 77373
21689 33874
-64665 -73179
-44610 3501
-52580 -69845
-58330 42879
48726 99246
-72853 43897
-82417 -33539
62111 -24647
37669 -56894
-75823 39911
-3022 -54856
-53101 -85616
40464 76393
26758 23100
73937 -45757
68303 20086
-82433 -37228
-99594 53718
-67304 -24580
-77931 -58314
-85045 -57382
48831 -49483
27503 42462
2617 -65096
65135 -53431
18480 -84293
-82780 48942
-8444 27377
-26152 -10386
-54978 40477
49753 31437
-83224 -98352
9923 1923
80380 -24561
354 -38259
-82741 85644
90353 58667
-47855 -93861
-76521 38996
56933 33616
-34956 -27676
85370 15514
-67362 -12711
-39397 -63888
97205 82851
-16284 -84969
-49265 65077
-37127 31548
-9280 4249
22415 90476
10159 -96153
-69482 -19319
-48633 -14249
-17716 91442
-56119 1404
-82823 31315
-77972 11517
21602 77504
92144 98413
83627 84651
97673 34892
-86366 75924
50152 96734
-19496 -18673
-69824 61907
-97545 35276
33754 36780
75489 64756
-53958 56997
-81090 39943
7822 54607
1821 33163
-13104 23438
-90231 -8847
77670 35335
-77276 -1226
47142 -42043
-33435 66891
-30842 42515
-92662 1951
-27156 -31723
-98370 -11585
67608 54868
60730 7263
24784 -76219
-54927 88059
34600 71382
-60551 -55449
-24588 11179
-98443 27438
-35183 -27432
77847 -43750
5591 35274
2913 89064
86028 -22759
-98746 -86690
86741 71319
-69041 45400
46322 -37668
39866 -90519
-26910 -2137
-80710 -70399
-17901 90177
49255 18722
92405 6470
-96508 -40363
-78571 -19150
-75329 39579
-62428 20102
-15538 37088
95108 -20612
63206 48098
-786 -6048
-88800 -22021
52397 -80837
-52741 39735
-18796 -16745
-1646 -88424
-83782 57476
-39781 40409
67762 -84543
-50109 -53176
62717 -78411
-18057 61072
34767 -54917
56972 76514
-71435 19180
17435 -10469
-12960 26630
55763 -26251
40728 10683
-39331 94592
93817 23410
34245 -90051
-59528 36122
-205 -31867
-7740 64190
81804 -37766
8280 -87068
25173 23570
80885 69605
965 39696
3289 87285
18688 -40356
-62564 -15959
-92473 40149
1798 99233
66327 10989
-27024 45328
-97266 55687
96538 -72827
8221 64432
-14562 16008
95650 81812
98292 -37356
-87205 -14289
41473 29521
-95266 -81084
65808 58496
70917 47949
-27376 53867
9842 15772
63057 -35272
-57271 -50573
17810 81514
51625 82573
-36725 71800
16810 -11086
29731 -76937
-66058 45931
-9739 -70321
-80959 -2434
27973 -10986
-80971 29724
14881 -17168
-27531 43091
32877 21652
-48598 68307
-53094 -5494
31197 -77531
24940 -9014
-13464 -1312
-46414 13265
24027 -67128
-13660 79347
93662 -99642
70301 -14158
-50455 73415
80722 85818
15997 -62555
99700 -48702
66309 75741
37223 30767
