500 494 75988
-49835 39836
-17054 63149
-41821 -29996
82423 3131
-32380 6921
-6765 -82827
16285 -93551
-46421 -54347
2749 37099
51521 -64668
55224 -63491
-68903 22598
49588 16193
-89625 8291
17784 -13716
-75079 -88970
91940 -2016
68293 -14648
3935 79131
-58829 33206
-62534 -86058
48872 524
-69558 -76821
-18186 -69499
-99357 -17740
-50882 70836
98560 97773
18672 -42664
54076 -81566
-58143 97010
86307 78175
75263 50527
3371 -39974
94705 -65623
88155 63206
95599 -94207
-10383 -23878
-81581 -67714
43655 -45370
-74019 -26920
97409 -93549
-97041 -45238
36706 -42465
-24127 12855
74557 -42005
22232 24338
93168 55886
-33614 -93211
-3194 -93403
-48719 76521
10204 -99027
13526 9858
-48108 -44101
48024 -41597
53647 -6726
-44615 8683
-37813 -34697
42025 22580
-8184 56063
16698 95973
-78327 9508
-3061 -290
83036 76756
-45599 12157
2363 46233
70654 -43049
83350 -12131
25648 35248
-89764 11793
-55416 76543
-46018 26142
-18511 592
-62475 7382
97131 -61975
-54967 -27431
74514 -57451
-71697 -74316
-60292 -53818
20260 47505
-88007 62435
-86344 -91509
34657 46673
68628 94630
73603 17806
22668 3413
-81790 78855
49967 -2701
76791 -82705
-86208 -33893
36264 -17734
-55294 34722
50768 10986
20300 -39156
69012 -61768
-12645 5378
-51965 -1943
-96920 -48128
96710 62500
-13253 -20408
-28848 40472
34477 90328
-84095 -9201
67269 -72992
78610 -46233
-8936 -55244
-89511 -50806
20789 -42603
-72620 -51871
-59793 -3742
-13313 -25858
13782 642
26520 -12837
36054 46461
-29168 -37918
91797 28016
12162 62494
-29106 1826
94233 -99624
23537 95327
28270 -20093
23239 -67176
76079 -23121
15078 59851
18019 -4550
89948 45297
113 -97323
66971 69294
-11260 53521
89786 -82725
45963 2220
-55765 41859
88038 -64581
80802 23803
-59524 62274
95357 -77016
-34780 -62292
97329 -15755
-3899 85495
-33464 76504
19869 47320
24668 93076
24510 -69507
77710 40731
27107 -18724
95074 -49304
57688 -87016
96248 43509
40060 -7256
-61193 -64481
-91906 34264
11504 50511
48984 2263
33247 -47768
37858 89410
-74271 20486
-9235 72280
34179 -77075
38445 -97397
-92777 69793
81515 76425
9242 73878
88841 -78878
50414 -24840
63498 -29380
36401 84459
-89384 58923
91850 50002
-93046 8592
17821 -40002
-86510 -53604
-93744 -61070
-71734 -57053
76812 12873
86177 19258
-37481 65877
-15046 -73470
8973 59382
-22752 77915
11517 99281
-7785 -99552
57188 -3175
-88867 -72331
-21367 88629
27065 99135
-80585 36169
-40894 -51569
-40256 -96096
-38038 -59667
56673 -47772
2239 -41153
-1345 89558
-19145 81522
45005 49612
-81913 -93361
-97593 38652
-46805 23250
11901 50337
-74851 -97933
23521 -8056
77341 72323
-80684 -9174
47227 -76933
93962 -8773
-40225 86384
-24068 62092
87585 -49259
-98728 45306
-28196 -93549
-79233 79330
4993 32163
70676 -80505
-69977 -13755
-37276 -17595
-94994 -30361
-39316 61866
-26437 -98151
81903 -91503
84077 -10610
-8898 -31084
34 -97187
44990 53887
61207 38392
-85220 -79328
-16557 -72752
-36262 -682
89048 27200
-21673 -16689
9249 3842
-18155 59204
57059 -75856
58205 -26122
-67997 -1092
-13503 58247
-39528 22062
49493 32292
-9208 -14033
-63329 98174
-42169 -16935
97459 69964
-4425 -5225
93089 -88382
24302 -35780
49668 -87693
-86522 8548
-58154 -60713
46049 45087
-39262 -98485
-68857 2607
-58993 -47201
-34218 -13935
-80510 -54254
76093 -4210
335 99298
92420 12955
-17637 61288
-6626 89714
88781 39673
-80997 -77844
-95536 -16109
-23280 94785
13679 -35457
15103 82785
-98595 -76576
80122 72547
-2494 51882
7946 -83843
-73345 84454
-1032 63881
-94484 -26142
59439 -20173
23872 76423
12388 15184
13787 -41281
-63260 89408
-68390 20363
30063 -39355
-96486 -38737
54919 62864
-95828 39516
-40183 96172
68587 -20683
70431 84047
-744 7992
-20901 -86804
19226 -70166
-41196 24585
8279 -14433
-91147 -11086
-50057 -24692
-39691 97970
87153 -93702
10078 -68586
-6844 -78659
88029 -86225
8983 94768
-24216 -28992
-25409 -59912
71430 -21315
17346 -19593
-15145 50695
-28137 -60427
-37356 17981
66032 -96659
4060 92499
19495 -38142
73374 -86708
-85859 47140
-50463 26586
-30627 -51703
-23775 92958
25675 6092
-80354 -96719
66819 68992
-79754 -60913
-9407 -57004
-89527 39812
-56095 -13227
-36932 54984
11078 -41005
26260 80350
-48292 26507
14659 45769
43092 63980
-9573 71362
21077 -59361
-36683 -77959
-76034 24633
77341 -12301
40764 -87328
1515 -91475
94888 -21721
42710 50037
12851 -5045
85569 -34939
-66845 -66481
94979 35208
69328 -20921
-60925 -8036
-86956 -67293
-63019 -96463
-24221 70984
-83224 46684
18699 -97926
-20586 5082
-87958 -83953
-84495 -34893
21698 64192
-92095 42148
-68912 17420
49818 -23747
-37760 -72706
-68021 -78864
-43614 -17919
-12511 66146
-70815 5473
-58389 -38603
97574 1361
-33489 -38858
-11528 76963
96492 -26431
-23704 -79154
-64477 47693
60325 -26504
-74573 27463
-36777 -8491
-74811 -1849
-21418 24739
73434 86284
-71015 -73643
-39915 28925
91716 17347
20821 -63797
-75114 -81381
-7553 90447
69297 11018
55847 -94919
58470 -54273
17626 60355
-84220 -80529
28333 -41490
42992 19361
-56318 -16414
93843 13798
-91855 64805
-60242 -36927
-46205 57192
-17113 95961
90183 52162
99264 -48773
94527 -70163
-48889 85488
17231 -60240
-81492 -60589
92755 88855
-25193 43926
17666 -88173
46918 22093
49295 69578
20478 -92714
42743 -45409
-55465 32876
-75956 46077
-92371 52939
-58126 16401
40702 -55384
-212 -22497
-14468 97334
-51745 82253
52339 -65023
28326 71668
-70107 -39325
63331 -60526
-4945 85708
-93780 2061
-18333 -42569
-45911 -74635
-89903 -93212
-94501 -69872
-14247 -90854
44449 -1014
54054 -49706
-6419 5242
33544 -58360
68617 -20851
-15854 94579
73739 92108
18655 74001
13722 -12186
39196 -60336
19525 -60966
85713 12845
-56213 -26558
59372 8235
-57012 -92458
-15402 88198
4575 72391
33038 -64476
-57116 -77301
-35739 -43785
48089 -29665
78590 77995
48689 69031
85681 37760
-71770 -46
48889 27996
-75827 -39316
-56567 -83715
-6276 64680
-24115 26516
-95727 -99989
-39938 4936
41316 99340
57680 98314
49857 -81122
-82111 73045
56872 -93149
22476 66366
-42777 79644
32998 -27929
-56640 -68522
20281 88546
57603 -74307
-55059 66771
36536 -43050
-94460 -74224
-30117 -27009
-20994 14804
55609 -44798
74529 -74268
59122 93611
49743 -57931
40194 -96550
83017 -69856
40635 91497
-55738 -17041
12415 -18828
-77779 -53483
-11295 66738
-41543 -3952
5590 -45961
63066 63878
-29114 5653
-52338 -19733
28726 36083
85205 49080
-58978 64535
3900 -84208
13832 77350
5200 -16486
-33418 -85717
33348 -17195
1749 96574
-33698 -1969
-9015 -2776
-7854 69015
28565 5156
-95128 -89187
95266 66505
-71696 33088
-44261 -69291
