1000 126 79650
-23281 -58130
51515 62051
-1153 75349
72403 82178
-95845 -36184
62121 50072
-40960 46303
-7752 -22274
-67813 33219
-38105 -75512
36158 -468
-98230 -57959
-80776 -76360
95283 -50743
26072 37997
-5599 -59467
-65170 -91276
59534 -49818
-48829 -28405
-77151 -31705
8097 34995
-72541 37886
87957 -23522
33518 17528
-27688 69091
-95865 65914
40520 68572
-63286 -35971
-97454 -38226
-91500 -38383
31166 -64087
93836 -19653
-68715 -99619
-90464 -17301
-61128 -16930
12478 52554
56414 -23400
-84929 24721
-98605 31483
56684 -6460
40427 21346
-99283 45915
-68263 69236
81225 81806
-80457 73607
-95386 -87638
11357 -14406
-46058 34225
46639 20942
-61975 23468
90566 10352
41496 -27414
69943 -68126
-4095 -70087
35946 -3228
-47130 -83458
-62448 15635
-21288 -5101
44970 82639
-56025 8521
-78993 91327
64157 13267
-68628 -71941
-43986 5388
-74774 85071
-25010 -93203
99693 76874
28894 20049
19556 -11465
63840 -7050
-88795 -83706
67053 91902
-68408 -18981
-18505 59440
-85219 20579
80351 -19642
-91582 67049
71143 95387
-46913 -71756
60611 85794
-67430 -77389
-22412 -13469
-89997 -15204
44778 4372
-86427 62388
-43158 -75394
4146 -35588
63660 -32319
-16916 -19916
39827 -93105
-74292 -63689
-90790 12193
32651 -95821
11790 4772
80778 -78316
-20103 -87953
-76135 66338
51186 81229
-64580 -19265
-73753 25875
30990 37076
-33017 66477
-24706 3215
93850 -56379
49178 -25064
-13353 10593
-52305 43979
-76137 -31829
7453 63860
76861 63348
7377 -9016
75559 -88562
3926 -44563
96163 76951
-273 -10275
-55918 -51057
62803 -45947
47612 -40327
-69629 -43023
-96505 -98580
56838 14553
53967 28021
-99533 -89796
39888 70840
-4631 81951
-2732 22006
-63090 93367
-79963 89891
45262 -22974
48626 -97646
70778 -90123
2937 -46177
-61065 -47764
-93551 42473
-85029 -86933
-88505 -40405
-17715 44336
34043 21587
63905 97393
43844 91651
-37604 -77744
-67376 -76360
-29848 -32951
97705 -4799
-29523 -88039
-78442 32978
66713 26501
-53077 -54983
68437 93750
61487 81242
-89974 37822
77912 94923
39608 -67626
-43342 72905
-10838 44523
17729 52064
78597 18499
-87790 -37782
-93750 5530
-70519 70886
62136 73540
-38325 -79720
5562 -22023
-34018 -92972
-1870 87024
72791 89520
-90432 59309
95437 -10933
63692 29345
-26521 88231
-26613 81176
-15288 56819
73058 -11908
82471 31898
-86227 -22807
8646 -26952
-32330 -44098
-527 46469
96420 -4085
-9608 20994
-44086 -26500
-52275 13404
-50367 99328
-78725 99357
92734 -72189
-43539 76708
80415 19076
40879 -67615
-55223 -7715
-46465 -75542
2806 -69591
96220 95122
-64580 -44912
20672 -54736
17434 -12666
-74262 -88461
8278 18108
-86968 -20926
19069 8794
-58021 49096
65662 -71453
-35177 32873
80468 189
35242 -58783
6024 64758
-44869 27766
-42181 -72823
50435 73561
91435 -28808
-61642 61953
-98537 87287
77591 34401
-84074 72899
-23880 -65258
19853 -19620
-72105 69960
86619 99649
77581 2995
87547 87690
-33472 876
51203 -57324
49785 5572
-21467 -28541
40863 27725
73810 -18040
-55090 43940
-17065 43158
65753 26541
97588 97524
55495 41594
69614 -57284
-889 49882
-19838 37231
-75857 -92698
-83933 -17341
-59294 99706
-15499 47888
-66883 -91881
-42172 -66609
79229 -97573
-98061 -47516
-98238 31170
-72533 15986
-10900 21428
-58456 8756
-82846 -52854
-37544 5639
-36717 31237
-68978 -21666
-51651 -87551
-87737 33322
-22542 -80254
98313 34607
1014 83463
213 -72794
-81795 -17741
-47477 -24417
18231 -96816
-74902 -92443
82414 11236
-10285 32435
-9281 86283
57869 9062
69298 -74826
-72965 148
39345 89601
12667 70255
-22872 63742
9794 57072
59296 -49816
31070 17196
-42175 -35204
-79428 -15435
25571 -44901
63481 -85863
-95715 33666
4453 -66139
57041 -80846
-20262 62009
48859 58027
82445 841
11852 -12342
-53900 87473
-58907 -24416
-54593 -17834
60545 37151
47430 97275
-83694 86447
77167 54733
34552 -90595
-85441 -97373
-19041 69800
-10529 30217
32760 87031
45433 57885
42827 40169
73526 -20510
70246 36531
3879 85129
26448 27234
88387 -9263
-89097 65231
-99238 22955
-98848 33408
27114 94118
-1585 56058
6618 47817
-99910 -3335
-14103 -33198
56898 -69675
58063 -80073
92209 94254
-79092 -27393
-18420 -59142
8817 -48234
38685 -49090
25079 94926
-84221 56329
91267 -33744
-70790 11034
-77434 -7327
-26316 54036
-70301 15747
-46399 55145
-53858 56440
-99477 93794
-78524 61673
-76813 27575
-52045 -43499
92544 -50354
78332 60038
-14721 -18890
36398 33909
-31787 72107
53198 -87277
-48241 -50411
64315 88505
-44798 28723
29408 -76425
-45576 -45537
11104 47815
74270 -94741
38016 45950
-12102 45224
-16299 -30190
-59610 -6267
-33252 -60254
81011 85686
-51748 9916
-15628 25508
48761 -78133
-10294 60655
-95441 -16109
75706 41285
-4518 -29831
52277 87118
77163 -83932
56308 -21482
-34476 94743
-80572 -74686
-77409 80632
57054 88355
-19068 -15137
37948 17888
58086 -80838
91822 13670
-8098 15445
60106 92192
72197 69223
-79245 21002
46694 -87721
-71765 -45393
32462 59650
-17988 -57880
-58431 -56670
86259 -69143
35595 -77902
99177 83959
30157 91448
-50884 38501
71877 38666
-15402 -46164
26123 29425
9459 -27308
-78612 46828
-99857 81789
-32145 -5770
57465 -1599
37582 -36622
-3903 -13802
-54419 -85578
99033 50489
88699 -13812
-65071 97958
10010 96634
39062 -31033
-83471 -86157
-30232 81281
-43132 42465
-18315 77009
-48687 18124
39434 52454
73679 62159
-13074 -76812
-14767 17562
-92305 55240
-50256 26016
-70167 -11860
-27158 -89980
96100 36344
-59458 -48733
97175 7053
9757 16059
30326 69081
-84127 36530
-44311 -30884
75363 34972
23822 78524
-70645 51761
-72529 -42765
-12637 11440
68557 43467
56219 76502
17119 26447
89679 -96982
23079 -61808
45500 21790
81890 13355
91161 -58850
-36832 -82942
49 99225
4019 -96048
30082 89254
7193 53710
-20717 -69936
98696 -67505
38955 -36721
68315 86852
77284 37196
-37217 14363
-11404 -68305
-64128 -80342
76824 82967
86979 -16923
25742 76424
-83484 -15669
-22452 -75052
99481 22383
88098 88461
-88634 -52843
22017 85956
-75841 33472
-14880 40271
-42024 63839
820 -41185
89625 13003
91086 14402
-60407 60978
-64591 60799
-4010 75698
65479 15047
48327 51323
99906 50512
41452 91549
81009 29021
-43795 95891
-73466 39938
45647 3207
96321 12716
56535 -43824
55495 10347
-47838 -6704
22738 74294
44389 -90992
-32548 42601
-85611 -97006
-80266 3541
-64147 -35852
-52728 -22885
17404 63013
-11016 29488
-86982 -50061
-75318 -64599
-54469 -70298
-44108 4501
16759 8219
17810 -63171
-11427 65650
-85881 26827
57616 -84432
54579 -50069
-27092 -41127
-52203 -3206
-6653 33106
-71868 -90670
52082 -1181
88105 -44585
-50214 -53250
88840 -95751
-84549 54888
-57241 -91258
-97363 26227
-29068 -93632
65054 6350
-85441 63362
-34657 6377
97808 74895
-66561 -95042
53722 52073
64135 78728
-78660 -9295
-25046 57667
-71848 -92152
-20000 9964
-70336 79229
-26601 20240
75203 -77682
21919 29674
-2063 72939
18199 -58843
-66631 47710
18809 82890
-59353 -13799
-13145 13755
89628 -94272
-37002 -44861
-32271 -46865
64619 42288
91523 -18923
66577 62517
-36859 -61069
-5404 11883
26274 2297
34987 -38761
74556 95311
-12544 31849
35076 -83174
76815 -75539
38755 5303
93050 -58063
87504 -26432
-83805 -84007
34201 -29874
-49783 69834
-13181 -37205
28734 -57167
-85981 -7322
-11474 85271
10992 -47096
97361 -75542
6425 75156
-19367 -15290
7640 -3828
-48714 56649
24430 24388
-45729 63996
-89662 -40095
-599 90394
-61088 13952
-95527 63527
69199 43379
-93225 -31402
-99807 21370
59289 -62714
-67697 82773
84013 43256
30449 11861
30863 59724
24729 16921
3412 -27354
62868 -46673
59246 23858
-12630 -19631
-91651 75361
-95977 82156
986 -63284
-60058 -2997
-47081 46737
53184 10084
-8369 47857
-44842 87221
22248 7793
-47344 -22600
75409 40213
-86282 -53756
-94601 22380
-72054 36554
-2266 -17829
-36481 -68426
24251 24014
41298 -32464
-82805 22448
-78941 99691
-55716 48047
57800 -50247
60741 -49628
80346 -21432
-8702 8317
-7128 -99402
-76374 23059
-99832 11832
5268 -39876
61184 56912
-134 -88351
-76782 -72616
-4747 -47532
-99477 20986
-85126 -25999
32066 64895
-15764 -15251
29148 -76944
25679 82976
53585 99881
43320 -69326
-92367 -39404
56106 59545
32296 14523
-12800 -65533
50397 -74510
5920 67536
-44093 -98892
36680 57091
-31876 -23389
81930 -46990
-6772 88713
-53930 -99523
345 28671
15395 -16572
-8044 72554
-63999 75942
-7754 -21026
-64031 92962
-52628 88633
27412 65494
-90765 56780
-88659 5300
61885 -2291
-60288 38260
34583 16063
72848 -50081
-96124 -49808
53567 73624
8706 55906
61815 42905
50184 -99909
-74800 88019
75538 -31247
-37605 16766
40847 -87529
4818 -21625
6111 96993
96013 26008
-95746 42090
49678 15014
87664 74817
78323 5795
-71197 -95868
62310 -43406
-5764 4426
-55199 18989
6828 95844
64255 -4019
-10139 -29501
-10968 -81775
-32642 -35480
-66842 28875
-80321 -5815
-39110 46604
-38260 -13260
-32157 97430
-40163 -34347
24711 54341
21738 1274
-97475 12043
-21112 37544
-62414 83184
11508 68801
-17920 -97305
-13613 -83013
1985 -6349
25108 14978
16739 -31752
95525 -92543
82109 -68238
79913 56674
-77094 -13807
35342 -32707
-66801 -54949
-32696 11231
41220 11157
30943 65409
67215 61819
-7918 -47389
15365 -36405
-20984 -91394
92122 -22289
18838 -4527
-72184 58066
13614 -80150
42889 -45813
7164 -18182
63160 58439
-32711 70253
68883 -63003
31255 -58037
-37977 -50376
95981 40866
83677 -2613
19094 -1062
19263 -72578
-22450 -70290
33714 54625
-77624 64040
91267 85097
48678 -46551
-10457 -34194
-73999 95434
-37663 32460
87990 -74336
-8782 71848
17208 40650
-2803 6451
78240 -86484
16782 -476
46462 61601
-8880 93943
-85800 69377
-33018 71993
-63130 17820
31703 12990
-33714 -65
-43030 95858
-31016 -78550
-93909 43234
83165 96228
-38996 -48003
-93931 86110
-6147 25444
-13582 57307
7647 -52999
7778 -47780
56860 -5934
86056 -89859
61422 65900
-72672 4123
52900 -20552
44994 -91569
-67695 -24590
-53047 38964
-92123 -63963
12322 27395
6523 72608
-25193 25200
13262 -79332
50693 -85155
-42111 74178
-27650 69152
-26359 67639
93285 -20019
-54740 54107
-43771 -55246
82909 -27654
-77461 39602
-17711 -14774
32585 32998
92209 -47122
10142 50782
-1803 -91257
-32471 -89437
36221 76939
-50562 -38437
-31067 -56271
-97429 24019
32711 92068
27391 75625
81660 -86136
79017 -28739
45616 -36358
-94512 62713
51130 14455
8823 -74147
30899 51667
70974 -13821
-60031 -71206
33105 -27724
-85610 69061
-59412 -55310
-2476 -69565
72130 43364
67837 -25616
-30315 88369
-27048 33586
-84857 78612
-22813 -35430
66407 69768
28008 -70216
27302 99628
48565 97027
93855 14494
97958 11901
-33744 -79306
-45577 -54570
83859 26433
21361 86235
85973 -10383
-20701 -52257
-42503 -15916
59346 32681
72249 -17441
-95412 -30978
24506 -95805
-89484 78915
57472 -80048
53250 -59817
-73253 -1306
55951 -69065
-38721 67654
-91374 -43920
-8022 73627
-25349 -52934
-50622 58222
44547 -57633
30698 89803
-29926 67687
-39989 -63286
30711 -49289
27608 13804
41648 -97809
89829 79695
-17250 10728
-12459 45690
-19290 31111
37246 -29212
-86790 93109
45971 -77031
78325 89751
3061 46569
4619 -84265
27303 27849
-55543 49350
-20210 -79635
-61232 -31899
4363 6390
91916 35839
-90486 53232
-14304 49288
-88836 61523
59852 23564
-81038 28519
-30263 -80166
17691 -10162
90729 -15463
-51765 84100
78439 -93711
45446 7350
41855 -68600
-48598 -84370
-28780 -67084
69976 -83692
71675 25230
-42202 82638
-47356 67354
21262 -76573
31242 -13899
-19989 -85652
36099 35300
18852 55960
98907 -82621
88790 -32910
-93409 86458
58329 12309
-71117 23578
95815 -67690
43159 -93416
32810 -39091
-99503 -24776
-85100 56239
79011 -43950
21257 93021
-5088 -16669
-35275 -32102
-42693 -30470
94943 -54134
-17180 29705
76305 -98633
-63898 80494
51232 -44970
45923 -68175
-32243 -80579
-12159 92588
6166 57258
32314 -76687
51600 -87511
-97455 66519
95704 -78231
-71826 73122
76337 -92381
713 64994
-4890 -12573
-59403 -52682
-79584 -86311
-73894 22892
-15736 -5550
-60245 46980
84808 18542
-34557 90345
78715 -63874
-96973 22182
65335 76091
-41323 20136
86609 -11440
-20663 -34164
49842 -67170
-2008 54884
-21111 11624
60500 -21226
-54681 -63102
15911 5016
-10152 -65171
-75719 -88684
10375 28177
-5129 71361
-49561 -22870
67068 30575
-22501 99805
91954 52162
-7231 44753
-14744 66000
93072 40941
-64733 17382
7814 42553
7248 -87607
-91277 -72708
-79875 68972
-79496 -8652
84760 -15108
79521 62997
96062 27558
86436 42065
26205 45265
-63131 -17438
-14096 -61971
95806 -77715
-63825 -49260
-37977 79240
5085 -41474
-9598 67213
-37870 -34230
-18130 -14974
55524 -14152
73960 -77193
-66083 -80558
-7814 14921
-6271 -1131
-52413 36479
-61316 70409
-15825 -43242
57105 -5457
-53731 -25809
-76629 -7835
98155 92197
-80977 88714
54053 -45728
1414 69570
-28320 -84494
-96146 -11155
-97204 95984
-62273 -46000
-20631 -65007
-38131 75747
47388 78872
-80160 -56417
-33918 -20084
-78348 60583
33871 23920
88326 -98854
13533 16617
70088 56283
-98054 -57585
43933 91435
78005 25811
71340 -85070
24614 78966
-46674 61153
67165 7686
36968 -30999
-2661 -37342
-93107 -79388
41385 90453
-24979 31039
48156 57557
-50488 -56673
78016 44078
36144 -83513
79536 -18234
63979 42439
-12727 -90192
20898 -17242
62862 -99057
-2270 13060
