1000 602 95078
-70261 -90870
-82898 23833
-27285 65034
25248 68077
79756 -41454
68586 7796
79040 1206
-37863 -31561
63956 63084
12201 31690
-35999 -11469
50333 -17616
-52720 19883
-83466 -27315
95884 1825
-26299 -17858
-67277 -96630
-59368 68584
-425 -96819
-89029 -74551
-83518 -18373
74421 -14026
-63164 83185
-80543 93532
88658 -39570
92922 -40331
-74977 -12599
40770 65880
-69752 90429
66426 31418
-45333 -97232
70499 -30984
-21828 -72649
25289 60441
82091 -37340
-5500 94516
4973 -60555
61587 38966
-45478 -56028
-19980 -47068
-14140 55739
-69774 -91880
-43924 20271
27469 -27768
-97404 -36958
18588 -96278
37749 -57223
-3175 21232
59374 10009
48670 -3657
-13852 77257
-57454 93080
6 33923
-54807 -59539
-49492 -3244
29736 56042
21731 12227
43796 66408
-41215 -1843
-92024 58964
-29204 -53327
-97075 -40135
42299 -12446
45040 32019
26320 -25644
-99998 -95756
99917 -40771
72370 -60647
-54465 -51274
-70782 111
24770 38219
97176 -20169
56973 -39179
73546 -51167
72155 -56613
-33137 -21775
-22811 -29201
-83112 -46161
-84727 53853
-57176 96732
26918 69653
23480 -58135
72106 -70617
-77161 96787
-94567 -71365
11182 60819
-73533 -51581
-61736 68575
-88781 -70184
61350 -30283
87563 37715
-83906 -12665
36647 -13243
-98063 83808
-66596 -80155
80619 -88799
7977 -30117
-9121 68679
-2683 -7951
47075 87542
81009 -18493
10893 -24619
-27973 -39223
-46923 1690
15159 53460
2493 -52662
11687 99518
-72030 63029
-4293 85274
-44472 -727
-27180 -3733
-42097 77452
-19762 10694
-22771 -82865
-96342 24072
92771 34321
7238 51769
47071 23599
35322 -87036
55548 4486
-3895 60467
28748 53598
-66478 -92690
60298 4906
31451 -94310
63107 -36530
63118 -11782
-66827 16198
-88116 -26565
64730 82266
-10994 55793
5725 -16984
-12177 92157
69166 72622
-15560 68045
-80076 -71959
88576 63620
-19635 63427
-93453 22868
-56229 -94822
60810 -6746
-5287 70600
-18897 -51181
-48196 -29927
-18444 79063
-17620 -58217
-99186 30559
53547 -65344
-6387 -75899
-5343 97572
-97284 -42212
-69606 54154
25621 -70515
-17242 8816
43348 81787
-99989 -31837
20561 55204
6107 -62469
-29264 5733
-73579 72878
-4189 21928
-97346 -95395
99876 10884
85684 -98006
86134 -51215
4923 71308
24904 -44039
-93363 77147
-54697 70326
-73621 38437
-3968 49496
6066 -31386
46869 65499
-93631 -28127
7136 8378
86836 30341
-79738 -74605
-29354 -41977
-6962 -3004
31531 40216
-88169 -46522
-28554 95958
30858 -12711
35769 75568
27371 25153
-89240 42549
16851 -52516
-98908 45409
32637 -18348
-92078 -62357
74702 -64421
-21514 93903
99328 48013
93721 -47937
41338 -48875
-77239 -46904
-19582 -9830
-99706 -12845
78793 11730
25771 -691
-42603 -39938
86315 38259
72602 -32834
-95855 53147
-58923 -68915
36071 23251
-27562 51185
11742 60624
40010 76912
91215 20403
-43271 -15809
4186 -41018
29475 8091
75826 90133
-22683 35277
4713 12099
-95367 -97941
-42810 16970
-63989 53767
84538 94077
-51323 11543
75562 79832
58077 77240
70764 46136
-47187 -57780
61020 65551
24570 -71936
69673 -21611
-447 94119
68145 -86765
-22570 -78204
-94300 73645
-87641 62076
61092 58898
-8429 39860
-3540 98128
-55638 10129
38961 -74485
-32979 96079
-84916 -67568
61589 91231
-31861 -19134
-53368 40149
-36735 2508
12936 209
27793 -23594
93807 -42133
81718 23275
-54279 73623
13515 97563
22741 87540
-35642 -98936
59737 69527
42420 53779
-79610 -62950
31755 -19252
23956 -17866
-45118 -34666
40295 96326
17177 -49622
-94107 33490
64505 -67357
96928 1136
-17391 -83774
58390 21249
-54628 -47679
59884 22245
83729 -44421
-89687 -55966
57457 -24386
-1263 37878
76760 -90470
9280 -14590
6429 33575
-86209 82354
-18872 -88308
-68899 -34334
-7585 99659
-55526 5976
-11050 -14250
40009 44111
87209 -27398
-1017 48225
83494 -71225
-769 -64277
-33152 -70997
-63868 16908
-43257 28696
72448 -81352
-3954 -4538
92946 50718
10720 -12792
-14147 52977
-56669 -89831
-32419 69517
15530 -69463
29976 -92225
83987 66376
-67132 -5396
-72262 -77897
-65229 36910
21271 97166
-72904 62597
91119 -71954
22889 -72705
-40430 -81046
-67134 84259
-35588 67629
-44281 17762
-14131 60958
98026 -14759
70259 -51842
-19243 -71735
27817 96977
14072 65396
46318 80055
-70728 28655
30293 -11316
18654 -8083
41268 -96825
-14600 66486
-18748 -41504
29431 -36416
10922 62056
-26145 -85907
-33972 -59295
98649 -55869
-2770 -73941
25686 14285
76569 18719
-36273 13642
51344 8554
20100 -25371
27157 6265
-14032 55276
99727 -36752
-46804 66176
-72152 -42112
-75789 -12983
55372 51594
210 -3398
99815 -63538
80498 -78550
74795 15056
50291 -15603
61954 44117
71282 -19627
23418 -46875
-19831 -62776
-4128 -89411
74809 -17006
-28863 97983
-28176 -60690
37517 -6917
48173 -53364
10626 97513
68466 62710
-31818 80667
-74233 -29090
27068 69964
-47999 12783
-16084 31826
-3548 51032
82049 25659
-90335 -76481
36263 85036
-38571 -17796
97436 38612
1658 41446
32342 -29148
21473 -14921
-39961 94765
-4818 82530
245 -26265
74500 91222
-84947 50715
51115 -6034
9874 69836
-17940 60791
-11440 -3487
98955 -26151
72790 72355
-26489 8299
-70827 -16447
14018 -87585
18994 79156
96169 5405
-74762 -5309
5758 7508
-17863 -33030
57687 14863
-2990 -80985
15848 28799
81175 57090
57392 56708
36545 723
-85183 14451
-18171 75555
-77493 -40289
87401 -33749
95426 -24944
-29436 63992
6483 -96019
93821 79167
61244 -59081
-48797 -42991
63026 -39997
-7879 -9150
-9108 60166
94164 -41710
-73389 45971
-69020 41625
92016 14961
-95059 -67133
-3484 -78575
-44153 43167
23422 -55117
88864 84526
95879 53451
24349 33057
11357 46221
97397 -21261
-21943 583
1094 -25296
82929 42322
-6666 -15442
-6560 -46219
-3644 -28404
72876 -15154
96025 -23304
-18443 24460
76319 -30776
14382 -63260
-7980 -21308
38868 63778
-12383 66096
32977 -13913
64470 -82949
-64379 -69849
-52385 55343
-22774 72955
95806 -27670
42516 -19952
74510 -60721
74004 11341
48682 40565
60043 -54743
3203 -13984
48138 45320
76947 2136
-12575 -14525
59396 71530
-45296 77371
50670 77082
65016 -93556
-40086 52558
-1806 -26147
-35315 -97621
-71754 53540
-12764 59029
65725 24533
-24369 -40712
94852 98716
-3259 26465
-8565 57585
-3726 -23465
-36917 -42624
-3860 14116
8206 -79288
87648 40783
-92035 41705
58609 -75663
-48156 -84659
-92970 -3654
83506 -37716
71129 -69957
88097 -53544
39820 -24998
-42967 -22864
10588 -95862
-84967 -79667
3955 65186
62577 -79777
5137 44655
63339 -81138
-87987 47480
59028 -7586
49578 35771
5678 89372
-32549 -25980
-11257 10261
-41841 5143
85833 -39818
-72274 48991
19243 -10086
7608 -62837
-27609 18132
-30509 -21274
38063 -15731
98595 -80733
58054 -9150
-31095 -72596
57572 -21853
23516 95734
57093 10119
-65430 -13197
23919 47822
-55880 -64441
-70363 66647
-52630 -27961
-74881 -30623
98291 16516
23928 55516
-11763 -96096
-46502 -1280
96130 -57324
-38801 72981
96475 35198
49693 -95406
67538 51524
41169 80957
62401 66063
33435 -36540
79808 -8298
-16996 11913
24454 56828
62074 66935
-89987 15817
-73076 25541
-22735 95615
81 40260
6452 -82726
-70950 54523
51117 -88854
-7253 -46822
50864 -59241
-79388 -41632
76010 68788
-39623 -59522
45723 83599
28478 82453
-92221 76686
73058 76786
-82449 -23303
99068 -4890
61151 30547
53522 75980
-83886 33871
41772 -23994
62491 -23024
57247 -86618
19279 14099
-73488 -56952
-35529 -74153
68391 -82170
-34140 -55630
-98430 -41181
29356 70621
28190 63796
82035 -11297
79560 42005
70363 34732
25368 -6595
28986 84804
-18890 -16615
-57876 -30271
-33723 46966
65565 13172
73819 -42979
-2804 -65772
83779 -16074
52321 80629
73569 64751
-15690 60230
-15557 11447
97346 -88206
-53170 41604
-35595 -18914
53665 31229
19115 -24880
33685 -1613
78359 -52316
9446 74023
-80303 -83050
52485 -64025
-32308 70504
73725 -12281
-86490 -70445
-33754 77456
96446 58494
61663 -87977
-29383 -61535
98965 65383
81898 68229
-68835 -21002
-15686 -97430
36277 -19841
-231 -4584
-50700 -43292
-38828 -81779
73306 -70711
55226 76064
84075 32631
-46544 -9116
-62089 61550
-86555 -23828
-22765 -55328
72217 -80684
-98536 39042
-93667 -81043
-52762 -98846
31640 -65722
-37266 58202
-51176 -45279
46408 -44445
42132 -68936
-29342 77418
94358 74176
62533 -2917
-95821 -55138
82072 -44468
-21350 -46274
-5222 38574
6074 18595
-79173 44539
40501 -49221
30190 77446
-78452 57049
79945 87481
-87736 84241
-88456 -78404
69068 39543
-52297 -38887
-46922 -40349
73383 65342
-13362 -92820
-26945 -18559
-29439 78793
-28342 -59149
44587 61213
-1457 -74827
3042 32247
54685 49413
-18097 -76626
84349 82829
-89682 56609
-70684 -19023
51194 78967
-28515 -89765
-43923 59930
-59148 53021
13487 86682
-83308 -47079
-77897 -71784
71333 -34041
-45305 59179
88099 76094
-8939 -88057
-40983 6814
-66647 82680
-69011 -50130
89025 19932
38174 49380
72105 54876
35800 55736
-99269 -45252
-86957 -36139
-92773 -75207
-77312 -15681
6857 75216
-79703 89775
-11063 -27122
36021 -21829
-89438 29350
58959 30
98502 62809
97666 -61917
48292 94343
68491 -10359
-12768 -23533
7981 60393
-14905 31862
96281 115
9273 -10995
-857 94830
74005 -95856
16163 -93830
-57596 51234
-30534 91932
-17191 -65974
-71485 99185
40274 17029
90347 -74746
-86143 57423
57785 55590
-25980 -4430
24876 -20078
-41536 -85186
-32492 -27302
-14531 90555
-20992 24871
-80540 15759
48370 -12040
-77532 -19110
-61509 73188
-7331 -59397
-11357 75722
40983 -67967
16207 43094
12968 -45039
29912 -29807
34237 45599
85058 99979
98956 -60711
-29492 -70758
-44846 -59150
32259 99125
94055 82703
51376 64148
-62430 69407
69877 67158
-78206 -31935
14010 21423
-42662 -65411
-27051 76009
-56671 89423
-11803 50125
-45053 -43621
65204 55930
-3184 19031
-14447 -10354
-9387 -58332
-75892 64713
-81669 62016
74989 31564
65280 -9961
86210 62148
-13687 -96412
52763 89484
-71494 -44192
83578 29126
53774 89993
-17063 -22419
88901 -34163
5062 54583
-45330 -11689
45547 87799
-92395 60986
17174 -76255
-6628 94170
3605 -37273
43630 -77370
51012 -91293
63101 -91705
92803 54339
13177 44515
69049 86482
-76122 -1958
20762 -23360
46948 73068
90220 52658
62542 3719
74103 -23687
49145 2422
-21893 -17747
42016 18854
21274 -92199
-55909 45204
-94773 5785
-62399 32465
91599 66093
-38031 -33719
85635 83966
-4369 72731
81037 24935
-45400 71438
-64913 -76980
21721 25973
80606 22479
58705 -50547
-1466 -87869
-26797 44931
1469 -8490
19964 61727
-2553 -59364
-23136 18515
90013 -67381
-2678 74279
-96740 94700
-87157 -35815
72579 64886
-84692 -50867
-31089 99501
-9905 -7763
-50061 -89123
-45771 -55662
52192 20767
89244 -89063
59991 66797
58180 80692
-93974 -32473
54561 -69245
83271 -26718
71188 75202
1768 -7865
91332 -640
37893 8804
-34024 -9817
-92100 -58211
-90577 66412
3129 -49520
41451 18678
-71334 -7390
27776 83022
-81320 -81601
-73492 57762
-36665 13786
-15247 11344
-12072 9136
-12392 39451
4743 3408
24006 -37006
56991 -1704
-10929 -81967
70514 79133
-71425 -95342
32489 6256
10867 -45207
-33202 17338
-38771 86477
77331 -62254
26890 -79021
-95842 -47146
-54452 81028
32247 28152
83396 60946
45255 18855
-35920 -6009
53916 -69216
65151 -8364
-6621 -88526
96845 -5106
-96227 -28761
-55087 38625
-21939 -73781
56700 13350
-73559 22302
-53842 -43995
27466 75
-6927 -28995
-88761 2840
38434 -27043
78412 14942
19655 -61908
-72656 5516
-53928 63554
-18526 -39399
86280 -88289
-40268 -78986
91858 -31566
-83615 -53457
92189 96665
-15253 75636
29479 94352
-83808 -64943
93161 -77719
-51847 79097
-81189 -77337
37599 45640
97783 -50884
-97178 26252
78609 29836
-99723 72873
25474 75853
-90254 79419
-77500 55879
-85028 23793
-4226 -37846
-45822 -20949
52742 -78052
-31413 2871
-62633 48254
-11650 -39196
-29808 -54115
51139 -1366
82326 95889
-85175 96938
-47659 -66443
-87684 -53911
91531 -40406
6410 39154
88786 -40093
52050 83281
-13523 78307
-54363 -46258
-60687 -78016
-56249 -72293
82845 1227
21331 32495
-93566 27598
96732 62627
-44371 -9684
-49077 -88578
73136 67916
72992 -54819
-30828 -28776
-46300 -24930
-46388 -14170
-65736 -58444
45219 -89984
-76632 -30284
-30095 -79386
51558 25319
-50298 -94655
-59183 -84234
-33406 46491
-35817 44525
31964 -41713
-91575 53023
56753 83550
46123 -35579
42313 -38263
88888 76633
41282 -26919
-75561 69607
36569 77105
71599 -43220
77914 8333
37103 90150
-29017 70512
52220 22265
50524 -96568
-27729 64243
88480 24269
-50538 16368
83519 -52022
-99075 77453
8412 -33493
53350 -74153
-82860 -3274
-83733 -22011
27454 -5325
19322 -85090
23775 -34592
84288 -64957
-92956 -31118
61589 15162
-31079 -86725
-14358 -73058
-22712 38600
49693 -62735
15399 51249
82952 49276
-55308 -57508
-8737 -52116
-14660 43723
-51004 32031
18681 -47987
28282 34488
5863 49934
93503 -70542
-881 5769
39903 32904
-93901 -34940
79218 -12618
-57900 -69426
76996 -14871
11571 84079
-40327 -51412
60154 -70787
27379 -47346
53084 38481
-66959 5824
-21912 -81874
26599 -77515
78490 -84198
-61694 -38366
-20612 -65986
-72280 -74966
-95244 -2753
91613 34116
17879 32553
91526 -17202
27545 40432
23087 29603
70635 21966
59000 58400
54904 -11067
-86649 26267
53883 22692
-89324 -99528
-62306 25835
67854 -95760
75619 -18223
50561 -37541
93932 -89328
78817 76917
-6686 53805
24543 28078
30585 -93660
