100 54 7
10 7
-7 -4
0 -2
8 10
-8 -3
1 -1
0 -2
-7 2
5 -5
-4 8
-1 9
1 -9
10 -10
-2 7
-4 -4
-8 8
-8 -1
-1 0
8 2
-2 -6
4 -1
4 3
-9 3
7 9
10 9
10 2
9 -2
10 -9
7 0
-4 -8
-7 -9
5 -8
2 -2
-2 0
2 2
7 -3
6 1
2 7
7 1
-6 -5
6 -5
-3 -5
-8 9
-4 3
-7 3
-3 3
10 -8
3 7
0 3
-3 -7
-9 -6
5 4
0 -2
5 7
2 10
8 1
-4 -8
4 4
-2 -5
9 5
6 3
-3 6
5 -9
8 -8
5 -1
7 8
4 7
-6 0
9 0
1 7
-7 -9
1 -2
-1 6
5 5
-10 9
-3 -4
-10 7
-5 -5
-10 9
-6 -2
-9 6
-3 8
1 9
10 -9
-8 -7
2 -2
5 -3
4 -6
-9 2
9 -5
0 -2
-3 -7
9 3
6 3
-10 8
-3 -5
8 -1
9 -2
-10 3
3 -6
