500 434 97210
-1102 32329
46413 85826
23859 -31260
-82096 74964
-56140 70483
98757 -19505
74929 -48264
-30933 -85518
-42090 -53785
-20349 -95974
-22159 -39267
-63262 85130
-34668 80525
95956 -98838
-20427 -19679
-15565 61102
24538 32018
71399 91186
-11659 -67688
3237 27811
95630 41312
-91681 60709
11524 7014
-12168 -22792
-75721 32633
20012 18166
-12250 68247
-33880 89970
-16771 -3202
86968 97562
-35154 -18780
11245 -15744
-23103 -19284
-75251 58800
-81592 77136
22060 91892
65047 56587
-79363 -11736
68782 89812
5702 -69949
98044 67805
-29609 -23667
30237 -84426
-27931 -66643
1351 -93341
-19541 86163
34299 -28453
20027 -62391
73554 -96528
-67959 -10359
-53394 46385
-93450 -67579
61059 16417
32714 -83421
50742 39303
24862 -15267
70413 -72878
14867 96097
-58973 -61560
-84260 41095
-78914 64421
-82555 35285
82656 31244
96164 -23563
-12344 -19692
68108 32966
49044 -4116
74327 90304
2280 26229
-46642 -96988
84073 22561
56067 20640
-45344 64326
18770 -6215
98217 -8805
18167 1680
-15860 -32445
90900 66025
40696 -16735
87359 8561
-61466 -8867
-84957 -16145
39458 -67217
-39246 55317
-74790 -491
65594 -14498
42630 83219
32153 88541
53541 48518
81607 9555
84436 -7656
-71073 70259
-45032 -91701
-83053 74397
-76605 23741
86412 -35373
-97007 99099
-77516 9908
-63054 4691
-47194 63982
-78251 81228
74416 -14487
-3503 -36563
-8545 60802
38211 63236
84259 80530
-58264 5220
-59939 -1602
-77096 47306
73257 28838
30986 -52246
56646 97725
687 58410
-72710 -83311
36326 -25970
-29968 -37149
78244 -30142
-97224 -94184
-76170 39786
-60140 80340
65449 -31901
7598 14398
-87145 -52997
15630 37213
-38140 -84975
-90529 50555
68933 22963
-48571 -99043
38919 -12762
35238 71942
-31941 -15381
33204 -27668
-898 94389
33976 4433
-38488 -7334
-52591 -99269
-39850 -54866
-61291 69728
-47406 5223
-85591 -88954
-36972 39426
-96228 -99843
91980 -89498
50444 84733
16574 39481
59289 69473
91796 -82199
-49053 96311
-52695 -33104
-95262 -58142
72565 -86757
-24767 99165
38310 82767
-28507 85525
52718 95181
-73474 96738
-54226 21939
34789 37736
-52157 96068
-99271 -34043
-70829 -97595
67261 34897
-86912 6460
71607 -51299
-87587 -38979
-45363 -22347
-93699 11252
75572 -94636
84173 -33173
30347 -44877
68865 -80116
-83585 -90539
-36775 -20327
78528 -67753
26416 -50923
23892 -77298
29049 -60799
16824 47690
44832 -41165
-93358 9649
98887 -13599
-71185 -1943
93520 -95894
79327 -83637
-45806 -63201
-23229 78809
42626 -1008
-64963 -2184
45315 -13364
24988 -45031
13517 -83580
-31134 6543
29264 -61884
-550 -58446
16171 44601
1127 29111
43303 70843
-12483 41328
-33167 10747
87833 61753
-42181 -78792
-8891 90449
-63016 34570
-83265 56678
55021 -19571
80995 -28767
-14780 25628
-69381 74681
-1043 37040
27237 82575
-86226 43210
-91459 -14386
41941 77891
85618 30215
77554 495
3847 89679
65448 -94570
-23217 69886
32383 -48982
23575 -67986
75694 24189
-25619 -6938
86917 -31103
-25228 60149
80740 -87479
-40341 -92670
75395 -95738
-92189 78558
56404 -54546
41476 -95274
-5332 -29275
4806 56977
-45345 20567
-64252 -99078
-66468 -1745
27941 11457
15613 -81952
82035 -51014
40989 -97795
-34128 90744
-81097 -99039
23510 6450
-66817 1301
-74572 42768
38025 -66017
21879 59949
96067 32469
71772 -79553
-84599 -23120
-81791 -52256
97734 -60645
80413 78160
-83303 95913
-30935 43980
-23965 -33539
-77374 -80025
11355 -38596
-51421 -40857
2157 -19484
27182 23133
-95863 43112
-43905 68528
-81033 19932
-94035 -44236
-85550 52678
27802 -23737
-18328 -96061
42366 -74706
72779 -44098
96176 -93479
70618 36709
-1358 -67300
62670 93302
-3866 -3534
-74262 -45307
-62840 85126
55108 37642
22009 -62092
27519 63873
-50648 79066
21028 1237
71388 -56509
-97923 -92201
44300 1502
-44927 24451
48545 25462
-47400 87482
-94958 -29757
14360 -13110
-83859 35764
52164 21000
925 -48038
63682 87157
-50920 -63112
-67135 24895
-81297 13998
36306 -64638
-48574 14041
38463 -27942
-33154 -94861
61876 1489
-82875 -87953
-78269 -63244
-2032 -85766
21141 -10779
-88646 99865
-52829 73591
48841 -39808
74943 -43293
70970 -75421
77819 -90451
86346 -87582
-3215 -78375
69128 47208
-95391 -89886
41891 -30458
-74954 -4571
33284 3284
53823 -31
6065 51100
-54795 -98409
86949 18695
-33887 41335
-55145 -80016
88529 -3557
6839 -36144
13878 -16861
44769 -49423
54738 -24553
32307 -90243
-70611 -34968
70785 84201
6611 -48480
-42060 38641
-81889 21737
24058 -22392
99287 58385
66177 -86774
40042 69849
70313 -2863
60008 -39357
87987 25204
93565 -51753
-26361 41574
32667 16509
38334 -37904
-57351 69603
-49067 79251
85959 -43200
9927 -61019
-3468 83766
94130 -63647
-53891 -5073
-68356 17030
-51334 -5181
-46243 -96420
-92063 63188
-64158 30963
58689 38671
-71401 67337
-74296 12679
69441 -77745
93378 -34198
17161 23113
-22010 -24502
11526 -27598
19980 -13018
-14042 23528
44213 -96882
61356 -79163
-2529 -5053
-90701 86996
-27343 -5031
82247 -80566
-1239 -91488
77837 -96178
82188 -17798
56299 -97607
-1761 -93706
82563 68109
-20103 -62770
87625 -22453
41323 36930
82567 -70191
-27235 79347
6795 -87951
29631 -47826
81660 -80863
-43293 29632
-67116 -93732
-65622 -52660
9532 26399
75285 -72534
-84471 -53704
-57818 41680
-84742 90339
27055 75313
27259 39056
-11952 32760
-77156 -43450
-88072 66776
30346 33178
42902 -88587
96104 -4729
64991 69943
58872 -50730
34541 24483
75343 -80616
31324 -56827
-83424 -98498
41380 -97420
-27182 29347
56729 67222
-48651 -51321
-96355 46405
-29696 34465
-72816 -82786
13868 46512
-59404 -88430
61751 -59335
-41874 -69762
53764 90310
58457 -10761
85970 87779
55731 93595
77978 -82421
-17225 65103
43962 90471
2184 -63392
-43339 29628
-24088 30898
73188 -42440
-83809 910
-75127 -16965
48269 58393
-28236 78938
63500 11557
-25981 -81146
27426 -6608
-35972 87521
24545 -32702
96709 64127
-87665 -94889
-92368 90004
80413 48739
85445 58767
39052 72315
31997 -57748
-94471 42968
6949 -60854
-53963 -37810
-66955 -47626
71691 45508
36094 62291
-55058 81224
34428 59278
14650 -438
-9522 -88007
20414 -20247
87600 -80325
35210 43518
39053 -3029
-61782 68545
44062 79470
-2155 10956
-66749 -80838
-56551 -77210
-5656 1081
21997 13360
52519 -42883
87835 35916
27239 28138
761 61749
74993 -2245
48853 -88279
39505 80479
63593 46069
-63896 70261
53692 4516
15362 -70527
-67641 -66433
45593 -38006
-16972 -31624
9372 97449
-85606 86246
86733 -50775
75717 74455
83559 -95486
-65073 -80540
-99579 -50822
13485 42793
-36868 -66741
-59728 -3070
24486 -91099
-63969 -32866
77644 25115
32214 -61324
-91019 -57799
-93702 59489
66685 -91704
